1.500000000000000000e+01
2.000000000000000000e+01
2.500000000000000000e+01
3.200000000000000000e+01
3.400000000000000000e+01
4.079999999999999716e+01
4.800000000000000000e+01
6.000000000000000000e+01
7.000000000000000000e+01
8.000000000000000000e+01
9.000000000000000000e+01
1.000000000000000000e+02
1.200000000000000000e+02
1.400000000000000000e+02
1.600000000000000000e+02
1.800000000000000000e+02
2.000000000000000000e+02
2.250000000000000000e+02
2.500000000000000000e+02
2.750000000000000000e+02
3.000000000000000000e+02
3.500000000000000000e+02
4.500000000000000000e+02
5.000000000000000000e+02
6.000000000000000000e+02
7.000000000000000000e+02
8.000000000000000000e+02
9.000000000000000000e+02
1.000000000000000000e+03
1.250000000000000000e+03
1.500000000000000000e+03
1.750000000000000000e+03
2.000000000000000000e+03
2.500000000000000000e+03
3.000000000000000000e+03
3.500000000000000000e+03
