3.372183372183374939e-01
4.889924889924872620e-01
1.662781662781662728e+00
2.348821548821550032e+00
2.569593369593368593e+00
3.341351981351983191e+00
2.963791763791760125e+00
4.108780108780109686e+00
5.141673141673145153e+00
6.236726236726242156e+00
5.822843822843822181e+00
6.749546749546743385e+00
8.627816627816631723e+00
1.063869463869464482e+01
1.050090650090649547e+01
1.232634032634032906e+01
1.424501424501424296e+01
1.446386946386946093e+01
1.656306656306657032e+01
1.933048433048433168e+01
1.911421911421912512e+01
2.452991452991453869e+01
3.296037296037297892e+01
3.856513856513858229e+01
4.665112665112660295e+01
5.344729344729346820e+01
6.394198394198392066e+01
7.510489510489512099e+01
8.743848743848741378e+01
1.201761201761202216e+02
1.547785547785547919e+02
1.919968919968920034e+02
2.325822325822324785e+02
3.233618233618233830e+02
4.270396270396271916e+02
5.339290339290340626e+02
