3.193473193473199689e-01
4.527324527324511072e-01
1.528101528101526441e+00
2.193006993006994421e+00
2.412846412846411326e+00
3.136348096348097858e+00
2.799689199689196606e+00
3.857031857031856248e+00
4.804454804454808325e+00
5.830613830613833315e+00
5.519813519813517644e+00
6.241906241906235664e+00
8.099456099456102010e+00
9.761201761201768079e+00
9.299145299145294530e+00
1.057342657342656977e+01
1.342657342657341424e+01
1.318181818181817633e+01
1.465941465941466504e+01
1.770655270655270641e+01
1.721833721833723629e+01
2.162911162911163743e+01
2.871794871794871540e+01
3.680393680393680711e+01
4.326340326340326214e+01
4.858844858844860681e+01
6.535094535094533796e+01
7.025641025641023418e+01
6.863506863506856348e+01
1.010748510748510682e+02
1.391608391608392594e+02
1.735042735042734421e+02
2.011914011914013543e+02
3.038073038073037537e+02
3.454545454545454959e+02
4.351204351204351042e+02
