7.591716421046821317e-01
7.823900365422259418e-01
7.529037982495616621e-01
7.455922738818117068e-01
7.135234036189100904e-01
7.298278637017032722e-01
7.388550800892145221e-01
7.004217077489423016e-01
7.014234368818013099e-01
6.999431240268428889e-01
7.055248973431264004e-01
7.032537203583004715e-01
6.844936142913707888e-01
6.807311374815951943e-01
6.695435159816667259e-01
6.643415445302058853e-01
6.616742809450469887e-01
6.660373808950129648e-01
6.422644496608030940e-01
6.540399938417648107e-01
6.423659380431527843e-01
6.381105277513859919e-01
6.200541451442794783e-01
6.817725287859919270e-01
6.705091740085825647e-01
6.116966285805026660e-01
6.447635073974472553e-01
6.506523725521640156e-01
5.930114784376788739e-01
6.177441933623004644e-01
6.453074049365687959e-01
6.235085665749802164e-01
6.163953319358592697e-01
6.272230987024968174e-01
6.411845223431256180e-01
7.520890542967088033e-01
