9.845739334742280302e-02
9.320699697740475465e-02
8.649380704864681468e-02
8.509898304830093574e-02
8.541887521033381114e-02
8.343075161627849790e-02
8.213383220859590828e-02
8.544457141372635567e-02
8.729032100096188740e-02
8.528579987819624730e-02
8.543295194908959167e-02
8.239023279103617481e-02
8.196626482811188164e-02
8.178515493145688264e-02
8.310584830891359909e-02
8.423336380927233524e-02
8.465776509273965911e-02
8.703526933536204213e-02
8.710075850111374807e-02
8.671254801627995001e-02
8.770534348768541100e-02
8.557506668501503599e-02
8.670860960158691122e-02
8.537549623936846466e-02
9.202478499075807117e-02
9.523687967875389682e-02
8.701047325380810438e-02
8.701183106603446737e-02
8.669823490714609338e-02
8.731474245769914322e-02
8.848296625190674169e-02
8.890166083342058989e-02
9.055476440276473415e-02
9.462368810545980502e-02
9.816766286700791266e-02
1.019735926881559646e-01
