4.1589,0,0.187,0.053746,0.5195,0.36537,0.79397,0.59094,0.76826,0.99426,2.044,1.6899,1.9234,3.6129,3.0596,2.9125,0.55973,0.56018,0.29319,0.12131,0.024962,0.0078141,0.0034373,0,0,0,0,0,0,0,0,0,0
3.4831,0.075649,0.20184,0.10931,0.53569,0.62505,0.59044,0.907,0.74221,1.086,1.8954,1.854,2.133,3.6568,2.9868,3.0237,0.66701,0.43021,0.22774,0.098413,0.044511,0.027961,0.010593,0.01208,0,0,0,0,0,0,0,0,0
3.1257,0.075315,0.19619,0.096787,0.54596,0.33424,0.4936,0.53661,0.7833,1.4004,1.9562,1.8065,2.2417,3.1875,3.0118,3.0272,0.57558,0.36854,0.22535,0.11868,0.036967,0.019162,0.0118,0,0,0,0,0,0,0,0,0,0
4.1904,0,0.11003,0.14895,0.32193,0.47311,0.42785,0.49062,0.94619,1.0021,2.2412,1.3542,1.9367,3.7057,2.7639,3.4526,0.63287,0.53781,0.23695,0.071163,0.018775,0.012696,0.0044941,0.0024857,0.0031885,0.0053565,0,0,0,0,0,0,0
3.8116,0.1833,0.058987,0,0.48448,0.52153,0.55588,0.60277,0.54577,0.91059,1.9788,1.4809,1.9845,3.6036,2.9629,3.6491,0.77477,0.47064,0.29695,0.079733,0.047619,0.025698,0.012828,0,0,0,0,0,0,0,0,0,0
3.0055,0.09313,0.41888,0.20981,0.46402,0.46548,0.48267,0.6852,0.9286,0.75135,1.6422,1.7521,1.9393,3.2906,2.8207,3.3956,0.6876,0.50282,0.2759,0.10267,0.088351,0.029852,0.0037034,0.0069827,0,0,0.0020017,0.0024631,0,0,0,0.0022075,0
3.8305,0.15108,0.067257,0.14405,0.38549,0.54266,0.35198,0.678,0.74966,1.0826,1.7683,1.634,2.1121,3.0111,2.8304,3.7727,0.87819,0.47109,0.25017,0.053418,0.028958,0.019582,0.024061,0,0.010728,0,0,0,0,0,0,0,0
3.0894,0,0,0.10049,0.23337,0.5226,0.57907,0.43895,1.1447,1.0002,2.1073,1.6335,2.1428,3.1049,2.9006,3.9664,0.78817,0.46462,0.22164,0.11902,0.056412,0.025659,0.0080706,0.0032357,0,0,0,0,0,0,0,0,0.0033455
2.6212,0,0.32496,0.1326,0.39553,0.32753,0.59574,0.5904,0.73339,0.91064,1.7605,1.7794,1.9532,3.0002,2.9717,4.2606,0.71959,0.44159,0.29064,0.095852,0.048695,0.012256,0.0078133,0.004321,0.0032354,0,0,0,0,0,0,0,0
3.4419,0,0.18732,0.058923,0.41234,0.27893,0.61709,0.71597,0.86532,0.91624,1.8417,1.6785,1.6264,2.8055,2.9989,3.9458,0.71399,0.52435,0.28726,0.094504,0.043333,0.028978,0.01975,0,0,0,0,0.0031182,0,0,0,0.0018077,0
2.0594,0,0.17172,0.13127,0.37142,0.19387,0.46005,0.65984,0.77356,1.1863,2.123,1.4288,1.9259,3.4143,2.6913,3.6834,0.89974,0.54733,0.31796,0.13288,0.073345,0.019699,0.011479,0.0080865,0,0,0.0025183,0,0,0,0,0,0
3.1937,0.23063,0.27861,0.15079,0.52438,0.32668,0.57297,0.55521,1.1882,1.0514,1.78,1.5135,1.568,2.8947,2.7819,4.133,0.96363,0.63725,0.38328,0.15395,0.059426,0.023249,0.0082243,0.0035907,0,0,0,0,0,0,0,0,0
3.0144,0.27394,0.12136,0.047122,0.27149,0.18621,0.38305,0.7223,0.452,1.0514,1.7392,1.7244,1.9196,2.4072,3.3851,4.0062,0.91762,0.52621,0.38827,0.13065,0.018724,0.016934,0.0043157,0.014047,0.0029408,0.00329,0,0,0,0,0.0019447,0,0
3.0399,0.087008,0.26751,0.097971,0.15432,0.41149,0.38226,0.51957,0.85615,0.93708,2.0751,1.4393,2.1083,3.1363,3.3296,3.7485,1.0638,0.58017,0.30508,0.12779,0.019883,0.022638,0.0053783,0.011224,0.0035835,0,0,0.0023496,0,0,0,0,0
2.7611,0,0.22123,0.11024,0.36562,0.3094,0.70111,0.63985,0.82171,0.82562,1.8702,1.4747,2.0799,2.3456,3.1668,3.6667,1.099,0.49917,0.34004,0.17514,0.067308,0.038259,0.018781,0,0,0,0,0,0.0026638,0,0,0,0.0015521
3.454,0,0.28206,0.20841,0.62004,0.53234,0.70532,0.96205,1.0619,1.1186,1.5525,1.5767,1.6338,2.8274,3.2053,3.8301,1.3524,0.58397,0.30414,0.1478,0.051846,0.012898,0.033082,0.011637,0,0.0025226,0.0043883,0,0.0019942,0.0020883,0,0,0
3.1934,0.17074,0.20931,0.31788,0.41132,0.24952,0.38768,0.50646,0.8862,1.1382,1.9334,1.7447,1.643,2.6355,3.0635,3.6296,1.2385,0.52234,0.42321,0.1216,0.05864,0.031946,0.0089066,0.0075647,0.0037813,0,0,0,0,0,0,0,0
4.4436,0.17204,0.17041,0.050357,0.19897,0.63833,0.46126,0.65418,0.6054,1.1626,1.9513,1.503,1.8195,2.3478,3.6621,4.0178,1.5137,0.50212,0.44351,0.13044,0.07493,0.026741,0.0065242,0,0,0,0,0,0,0,0,0,0
2.9546,0.2705,0.13188,0.23788,0.20749,0.40178,0.7862,0.52305,0.914,1.3559,2.1784,1.4222,1.7066,2.7886,3.2402,4.1029,1.381,0.53109,0.39634,0.11619,0.064111,0.022135,0.02052,0.007468,0,0,0,0,0,0,0.0018167,0,0
4.9276,0.25058,0.071775,0.16486,0.33772,0.30158,0.61431,0.56703,0.97615,1.096,2.5613,1.5412,1.7842,2.8149,3.8085,4.0181,1.5544,0.61741,0.30714,0.16973,0.068826,0.030412,0.015195,0.014362,0,0,0,0,0,0,0,0,0
2.8949,0.32693,0.064225,0.055931,0.51517,0.3808,0.61296,0.46181,1.0048,1.0438,2.1559,1.8074,1.5089,2.2599,3.4127,3.8745,1.8067,0.62956,0.34859,0.14666,0.063176,0.035999,0.0086961,0.01042,0,0.0037183,0,0,0,0,0,0,0
4.3983,0.088705,0.067142,0,0.30762,0.50748,0.58535,0.71047,0.58552,0.9636,1.9329,1.8787,1.6496,2.1828,3.4459,3.8487,2.1495,0.65843,0.4056,0.13789,0.065574,0.032987,0.0038685,0.022206,0.003051,0,0.0027781,0,0,0,0,0,0
2.9369,0.18521,0.12598,0.048542,0.52833,0.69752,0.47183,0.60849,0.97067,1.1581,2.1538,1.2891,1.8732,2.1536,3.6973,3.6306,1.8551,0.68187,0.39776,0.19618,0.076172,0.054775,0.01803,0.011773,0.005357,0.0030249,0,0,0,0,0.0043716,0,0
3.1897,0.087905,0,0.10658,0.31709,0.29262,0.58638,0.59676,1.0758,1.1665,2.3381,1.6888,1.8963,2.8882,3.8008,3.3758,1.916,0.64087,0.33335,0.17224,0.086947,0.045883,0.012836,0.016705,0.0031748,0.005444,0.002884,0,0,0,0,0,0
2.6178,0.063573,0.066256,0.17491,0.32023,0.36266,0.61749,0.73915,0.57721,0.6352,2.3683,1.5796,1.6868,2.7018,4.4466,3.6254,2.1079,0.58416,0.29309,0.25101,0.061281,0.027879,0.016987,0.010259,0,0,0.0021244,0.0027316,0,0,0,0.0018881,0
2.7977,0.1824,0.05528,0.094734,0.49532,0.29418,0.68672,0.82907,1.0348,1.1787,2.0342,1.5983,1.4924,2.2443,3.9927,3.7043,2.5231,0.70347,0.41702,0.1865,0.065368,0.031706,0.016579,0.0074838,0,0,0,0.0025022,0,0,0,0.0014075,0
2.3286,0,0,0.10016,0.32714,0.26274,0.40361,0.65288,0.95066,1.3096,2.0957,1.4813,1.1648,2.2419,4.1658,3.4878,2.6106,0.76939,0.48228,0.20181,0.077867,0.058649,0.020796,0.01112,0.0069199,0,0,0,0,0,0.0023159,0,0
3.5752,0,0.43145,0.23898,0.18472,0.29124,0.65318,0.7977,0.70052,1.4409,2.6041,1.5429,1.6426,2.4,4.5442,3.4072,2.7627,0.78121,0.38274,0.24206,0.067382,0.024777,0.019469,0.011255,0.0029282,0,0,0.0027997,0,0,0,0,0
2.9324,0.096658,0.13525,0.26337,0.21255,0.55803,0.66648,0.90674,0.82819,1.0375,2.3957,1.9731,1.6308,2.3699,4.6428,3.9731,3.1351,0.76245,0.42737,0.18552,0.095138,0.02604,0.029539,0.0074812,0.0030247,0,0.0025898,0,0,0,0,0.0015635,0.0016411
2.4245,0.094782,0.24407,0,0.30201,0.44646,0.60624,0.56349,1.1514,1.1707,2.3642,1.5575,1.7738,1.8568,4.7035,3.2282,3.3572,0.87128,0.42959,0.20483,0.10959,0.050606,0.0087683,0.012715,0,0.0061568,0,0,0,0,0,0,0
3.2816,0.23596,0,0.18771,0.39749,0.4742,0.58245,0.80492,1.0143,1.056,2.5984,1.8464,1.814,2.2306,5.1766,3.7048,3.2498,0.84904,0.39786,0.26075,0.097323,0.052468,0.019828,0.010438,0.0035637,0.0030187,0,0,0,0,0,0,0
4.6579,0,0.10935,0.057006,0.41253,0.23102,0.58418,0.54034,0.66714,1.3026,1.779,1.6258,1.5765,2.2184,5.1132,3.6883,3.3893,0.94894,0.47927,0.18539,0.093314,0.030732,0.028173,0.010178,0.01596,0,0.0052795,0,0,0,0,0,0
3.381,0.086813,0,0.056075,0.36672,0.29079,0.5951,0.55152,0.97577,1.1021,2.1169,1.5462,1.9635,2.3447,5.2607,3.6881,3.6244,0.90443,0.46135,0.24882,0.13492,0.050673,0.015824,0.0033498,0,0.0030025,0,0,0,0,0,0,0
3.359,0.09454,0,0.14479,0.29236,0.38137,0.67887,0.86373,0.70779,1.0432,2.3527,1.6845,1.7773,2.2301,5.0963,3.5603,3.9345,0.91863,0.55885,0.27907,0.13747,0.040578,0.019547,0.0080888,0.0068,0.0031613,0.0024988,0,0,0,0,0,0
2.1537,0.086665,0.14725,0.27696,0.31617,0.35376,0.29232,0.49497,0.70387,1.3554,2.4462,1.7488,1.967,2.3869,5.6485,3.6744,4.0036,1.0401,0.52673,0.23389,0.1065,0.040599,0.037329,0.014952,0,0,0.0082808,0,0,0,0,0,0.0016884
3.4435,0,0.1176,0.30863,0.45263,0.23458,0.55139,0.67378,0.93523,1.2168,2.1476,1.6069,1.8609,2.5153,5.1668,3.4948,4.0468,1.332,0.39596,0.29603,0.090854,0.054126,0.031889,0.0035934,0.0031628,0.0027604,0,0,0.0023232,0,0,0,0
3.0951,0.26245,0.13251,0.10624,0.27639,0.41481,0.68933,0.95579,1.133,0.97701,2.6055,1.8232,1.781,2.0388,5.6818,3.667,4.2114,1.0948,0.50905,0.29557,0.10188,0.042203,0.018456,0.014586,0.0066533,0,0,0,0,0.0022007,0,0.0046628,0
3.3076,0,0,0.16345,0.25664,0.46343,0.80703,0.59381,0.80313,0.93877,2.4546,1.6785,1.4256,2.3669,5.799,4.2654,4.057,1.248,0.60752,0.26245,0.10445,0.067907,0.016581,0.011145,0.003263,0.0032324,0,0,0,0,0.0018844,0,0
3.1367,0.073878,0.1252,0.15629,0.56847,0.31298,0.49895,0.49202,0.98949,1.2845,2.087,1.8269,1.5895,2.6294,5.6624,4.0483,4.2774,1.2742,0.52563,0.27389,0.14056,0.081923,0.024569,0.020973,0.0070625,0,0.0026168,0,0,0.0022544,0.0026604,0,0.0015159
4.1435,0.15131,0.25886,0.22224,0.48376,0.48471,0.53264,0.5374,0.97352,1.2789,2.1868,1.4173,1.3794,1.9118,5.9854,3.9702,4.6434,1.4859,0.53212,0.33164,0.19262,0.074748,0.023721,0.01135,0.0022656,0.0030493,0,0.0018855,0,0,0,0,0
2.9633,0.25043,0.23474,0.099786,0.40461,0.30337,0.54212,0.53926,0.81492,1.2429,2.2659,1.5261,1.5399,2.1204,5.858,4.0004,4.4818,1.5256,0.58584,0.25345,0.16932,0.097091,0.037939,0.021956,0.013025,0.0030016,0,0.0030338,0,0,0.0030354,0,0
2.2724,0.52118,0.58024,0.31912,0.47578,0.48291,0.50372,0.2972,0.81428,1.2119,2.3605,1.9349,1.6545,2.0073,5.447,3.8329,4.4437,1.6492,0.53976,0.36504,0.15034,0.096971,0.056305,0.034753,0.0034858,0,0.0025945,0,0,0,0,0,0.0018578
2.4664,0.28494,0.056417,0.11947,0.51156,0.15277,0.39124,1.0502,0.7642,1.078,2.2114,1.932,1.8676,2.1272,4.9109,4.0553,4.3831,2.0166,0.61915,0.27341,0.19254,0.091055,0.051346,0.023391,0.0066668,0.0024526,0,0,0,0,0,0,0
2.0396,0,0.13022,0.07077,0.2559,0.6826,0.72787,0.58087,0.73902,1.2829,3.0055,1.8005,1.2287,2.0317,5.8201,3.8257,4.382,2.1136,0.61564,0.29012,0.18888,0.083396,0.012868,0.018478,0,0.0029278,0.0030099,0.0026791,0.0025083,0,0.0018702,0,0
3.5278,0.073521,0.1937,0.052024,0.21453,0.63905,0.47372,0.54521,0.95097,0.95533,2.4975,1.6244,1.8194,2.3111,5.3828,3.9544,3.8415,2.3913,0.50089,0.43939,0.19581,0.051709,0.032436,0.008031,0.0033027,0,0,0,0.0022915,0,0,0,0
3.9284,0.10014,0.06218,0.036985,0.40987,0.36074,0.37975,0.46061,0.96315,1.0987,2.79,1.8198,1.7343,1.896,5.2075,4.3909,4.1369,2.5129,0.53741,0.30233,0.18342,0.081456,0.034633,0.0035867,0.0031638,0,0,0,0,0.0020293,0,0,0
2.1315,0.2911,0.1611,0.18444,0.64879,0.62578,0.59393,0.73045,0.7982,1.0549,3.1395,1.9989,1.781,1.6589,5.1709,4.6024,4.3998,2.7109,0.68425,0.40398,0.17476,0.068489,0.012034,0.022102,0,0.0031882,0.0060002,0,0,0,0,0,0
3.4726,0,0.1484,0.045969,0.20687,0.2354,0.42564,0.46389,0.63584,1.1042,3.1549,1.5485,1.5695,1.9195,5.1197,4.1439,3.7915,2.6035,0.52002,0.30631,0.17656,0.081724,0.028893,0.020575,0.0068208,0,0,0.0028972,0,0,0,0.001979,0
2.4109,0.27643,0.20179,0.16905,0.3349,0.15466,0.66846,0.37968,0.89372,0.97648,2.8116,2.1735,1.8721,2.0174,4.8349,4.6026,3.8547,2.9543,0.60539,0.40084,0.15051,0.081765,0.039526,0.04255,0,0,0,0.0017953,0,0,0,0.0019588,0
3.4258,0.2597,0.18937,0.37466,0.49614,0.70657,0.65856,0.75037,1.0928,1.1025,3.4264,1.561,1.5461,1.8283,4.6102,4.6474,3.8612,3.2401,0.67038,0.39019,0.17069,0.08592,0.044804,0.02045,0.0029747,0,0,0.0019659,0,0.0020513,0.0023579,0.0019669,0
4.6074,0,0.96101,0,0.6464,0.2352,0.4759,0.62508,1.1914,1.0546,3.3778,1.5613,1.556,1.7914,4.3897,4.4923,3.778,3.4393,0.59994,0.2762,0.21624,0.092054,0.04519,0.020746,0.0029681,0.0086962,0,0,0,0,0.0034854,0.0015801,0
2.7729,0,0.12267,0.26124,0.61445,0.36221,0.50698,0.48527,1.0003,0.7682,3.1109,1.72,1.7151,2.3146,4.1287,4.6888,3.5583,3.7078,0.59172,0.41325,0.21173,0.12187,0.036568,0.014064,0.0028943,0,0.002489,0,0,0.0021493,0,0,0
3.6368,0.086901,0.065744,0.17121,0.50408,0.38194,0.49458,0.86115,1.0332,1.0319,4.0718,1.5881,1.6852,1.9068,4.5469,5.3211,4.0673,4.1785,0.54731,0.43405,0.20629,0.13955,0.0635,0.014887,0.006542,0,0.0030974,0,0.0036793,0,0,0,0.00157
3.2255,0.063193,0.27319,0.22343,0.25079,0.37218,0.73544,0.60652,0.5854,1.0104,3.5189,1.6777,1.7342,1.9714,4.3831,4.9847,3.7722,4.0122,0.67157,0.32777,0.20248,0.1152,0.050658,0.032727,0.0070485,0.0031915,0.0028081,0.0023351,0,0,0.0019128,0,0
3.5231,0.086008,0.28986,0,0.13724,0.32793,0.53723,0.79675,0.68022,1.4322,3.4138,1.8288,1.5717,1.9763,3.8052,5.3911,3.9255,4.5824,0.79524,0.40276,0.26783,0.099931,0.048323,0.023034,0,0.0080714,0.0021965,0.0033466,0.0023095,0,0,0,0
3.1408,0.19476,0.1463,0.18818,0.21448,0.53464,0.64592,0.79992,0.59305,1.4287,3.1787,2.0723,2.0025,1.8845,4.1487,5.5798,4.0787,4.4406,0.73646,0.45506,0.25457,0.13936,0.051122,0.015854,0.010478,0.011527,0,0,0,0,0,0,0.0017786
3.1505,0.10659,0.13066,0.11416,0.50047,0.49076,0.79019,0.49613,1.2554,0.87885,3.338,1.8134,1.5785,2.1719,3.7556,5.7416,4.1079,4.8568,0.7279,0.4961,0.23562,0.1025,0.049386,0.014509,0.0089882,0.0027875,0.0051984,0,0,0,0,0,0
2.9327,0,0.063441,0.037994,0.17464,0.37903,0.63402,0.74097,0.88095,1.1187,3.8393,2.1445,1.4568,1.7865,4.0548,6.344,4.0233,4.7834,0.72896,0.35549,0.31398,0.13204,0.060643,0.028054,0.006703,0.0036817,0,0,0,0,0,0,0
3.1458,0,0.13094,0.14892,0.48743,0.70195,0.51354,0.67357,0.83412,1.1579,3.3781,1.8306,1.7685,1.9846,3.4838,5.6014,4.2041,4.9896,0.7277,0.42589,0.25787,0.15541,0.025105,0.044515,0.009424,0.0088434,0,0,0,0.0019683,0,0,0
2.7214,0.09371,0.3504,0.22202,0.21824,0.41973,0.66235,0.45714,0.73668,0.85458,3.6138,1.631,2.0747,2.139,4.0766,6.5268,4.0723,5.1328,0.81403,0.5318,0.3057,0.12262,0.079509,0.047985,0.0034907,0.0052892,0,0.0024293,0,0,0,0,0
3.2913,0.077928,0.14092,0.046622,0.17317,0.42021,0.9229,0.72676,0.85073,1.3112,4.186,1.8104,1.883,2.1196,3.6631,6.7421,4.362,4.8076,0.55336,0.46072,0.30019,0.17155,0.029411,0.039206,0.0071776,0.0062552,0.0023127,0.002712,0.002269,0,0,0,0
4.7279,0.28214,0.092593,0.15557,0.37255,0.29801,0.66369,0.55547,0.72299,0.88477,4.6352,1.8663,2.0132,2.3618,3.657,6.6092,4.39,5.0222,0.91768,0.50908,0.277,0.12612,0.10793,0.031182,0.0064475,0,0,0.0023439,0.0022896,0,0,0,0
2.6151,0,0.19216,0.16343,0.61949,0.45239,0.6052,0.74796,0.99392,0.92341,4.1048,1.8161,1.8618,1.9837,3.6194,7.1611,4.2775,4.7449,0.82993,0.49493,0.26332,0.18409,0.078964,0.039423,0.020431,0.0088757,0,0,0.0023705,0,0,0,0.0019938
2.339,0.12876,0.19705,0.12411,0.44621,0.36379,0.39747,0.66244,0.76056,1.2218,3.161,1.8725,1.9619,2.5416,3.996,6.8447,4.122,5.1715,0.86945,0.62306,0.27465,0.15359,0.099405,0.044529,0.0027892,0.0050794,0,0.0038617,0,0.0021607,0,0,0.0017425
1.6322,0,0.11874,0.058439,0.39014,0.535,0.49245,0.71729,0.87128,1.1393,3.996,1.7267,1.8654,2.4537,3.4871,6.5327,4.5848,4.9727,0.85466,0.56416,0.39396,0.16837,0.083211,0.063647,0.011888,0,0.0031937,0.0025888,0.0027928,0,0,0.0018972,0
3.3661,0.065908,0.29143,0.17286,0.26204,0.50793,0.56422,0.11915,1.0488,1.0065,4.5305,1.7307,1.8674,2.2523,3.6988,7.0599,4.1483,4.783,0.98509,0.44952,0.28882,0.17431,0.090999,0.039719,0.034876,0.0065088,0.0057815,0,0,0,0.0017249,0,0
3.007,0.084214,0.068111,0.24369,0.48241,0.78896,0.46115,0.69274,0.71389,1.1861,3.9451,1.6422,1.9008,2.2322,3.4049,7.9809,4.2878,4.5016,0.9451,0.53673,0.39473,0.13198,0.078307,0.033109,0.014854,0.012313,0,0,0,0.0018512,0,0.0017692,0
2.6153,0.15958,0.075718,0.11575,0.30117,0.35182,0.77712,0.75639,0.85307,1.1372,3.6233,2.0266,2.2333,2.3297,3.3947,7.4223,4.2656,4.9683,1.1657,0.62779,0.31087,0.18035,0.068057,0.038028,0.0185,0.0028552,0.0026435,0,0.0023054,0.0018736,0.0021484,0.001815,0
4.2706,0.27759,0.068938,0.1181,0.40331,0.3134,0.48353,0.55916,0.82995,1.1279,3.2459,2.0117,2.0117,2.4568,3.5605,7.1102,4.7179,4.4901,1.1148,0.6724,0.37742,0.20937,0.061489,0.030546,0.012673,0.021831,0,0,0,0,0,0,0
4.131,0.2052,0,0.17008,0.58931,0.48593,0.43742,0.63108,0.8542,1.117,3.5526,1.4616,1.9278,2.0265,3.4744,7.4075,4.6643,4.5185,1.1383,0.64052,0.35713,0.19933,0.11337,0.073514,0.02299,0.012295,0.0056265,0,0.0017047,0,0,0,0.0018336
2.7835,0.23951,0.20884,0.50533,0.17303,0.83369,0.38874,0.67165,0.74136,1.3369,3.3781,1.5203,1.6562,2.2712,3.3432,7.7019,4.9933,5.0887,1.3583,0.52638,0.39366,0.27771,0.094617,0.048872,0.012777,0.0024697,0,0,0,0,0,0,0
3.3586,0,0.16125,0.23797,0.59635,0.28759,0.53421,0.70361,0.5913,0.80297,3.1208,1.9315,2.0146,2.1316,3.3318,6.66,5.285,4.7213,1.435,0.63175,0.39075,0.24497,0.091082,0.041167,0.016827,0.0094611,0.0075553,0.0029888,0,0.0017887,0,0,0
2.5263,0.12585,0.22239,0.16713,0.16814,0.28982,0.56035,0.80194,0.75054,1.0565,3.3439,1.7976,1.8569,2.296,3.5394,6.7856,4.8235,4.4324,1.6422,0.57708,0.40116,0.17859,0.11042,0.0545,0.02594,0.0021826,0,0.0026727,0.0026099,0,0,0,0
4.1452,0.17236,0.18612,0.18204,0.17953,0.25417,0.4951,0.85177,0.8816,1.0144,3.2756,1.9932,2.2519,2.4984,3.173,6.1848,5.0867,4.4541,1.7393,0.68159,0.38583,0.31533,0.13993,0.045452,0.023295,0.0092867,0.0022215,0.0023279,0.0022475,0,0,0,0
4.039,0,0.27648,0,0.3288,0.38706,0.41566,0.47248,0.8674,0.97527,3.2127,1.5929,1.5732,2.1224,3.3168,5.6736,5.6561,4.8954,1.9838,0.7092,0.39771,0.20418,0.11217,0.043203,0.013291,0,0.0024606,0.0024631,0,0.0023902,0,0,0
2.581,0.094858,0.068135,0.16873,0.57639,0.33484,0.62616,0.63832,0.63153,0.72976,3.1815,1.7159,1.9272,2.2133,3.6005,6.0534,5.5349,4.7671,2.1127,0.72063,0.50713,0.31168,0.14499,0.061026,0.021345,0,0.0059276,0,0,0,0,0,0
2.484,0.10675,0,0.054692,0.35578,0.25229,0.60168,0.7593,0.49055,1.0971,2.9602,1.7118,2.235,2.1066,3.443,5.8981,5.8021,4.376,2.4017,0.70425,0.34936,0.27067,0.11686,0.079937,0.020804,0.0071575,0.0074598,0,0.0021798,0,0,0,0
3.4437,0,0,0.28459,0.44277,0.41507,0.40527,0.60674,0.77642,1.1228,3.0277,1.9484,2.0311,1.9487,3.4554,5.508,6.2753,4.3912,2.9006,0.79231,0.40996,0.2627,0.087589,0.093992,0.021843,0.0097506,0,0.002767,0,0,0,0,0
2.4805,0.082708,0.28238,0.1074,0.36862,0.39405,0.75661,0.71976,0.76,1.3,2.9766,2.0952,1.8899,2.4654,3.1568,5.3422,6.7825,4.573,2.7436,0.63773,0.50596,0.21781,0.10385,0.081097,0.025876,0.008927,0,0.0022626,0,0,0,0,0
4.1129,0,0.13758,0,0.23618,0.29544,0.59735,1.0491,1.1157,1.3606,2.3302,2.0616,1.8024,2.291,3.4859,5.2415,6.6546,4.6645,3.364,0.76252,0.48298,0.33219,0.14065,0.05595,0.026102,0.0065996,0.0027876,0,0,0,0,0,0.0015669
3.5662,0,0.23434,0.099275,0.26655,0.44647,0.52303,0.75521,0.87499,1.144,2.2812,1.8215,2.164,2.3112,3.2703,5.1882,6.6919,4.788,3.6318,0.73391,0.4994,0.24528,0.12799,0.091328,0.019196,0.0089444,0,0.007631,0,0,0,0.0018828,0.0018244
3.4414,0.088287,0.1521,0.048082,0.30053,0.28844,0.53358,0.40098,0.80459,1.4232,2.7849,2.1399,1.7479,2.6242,3.3589,5.1618,7.0596,5.1128,3.6789,0.65959,0.55375,0.33071,0.13365,0.12848,0.041321,0.0057916,0,0.010447,0.0025348,0,0,0,0
3.5757,0.18214,0.29032,0.16963,0.36351,0.23037,0.66123,0.56933,1.1471,0.96658,2.3481,1.7823,1.9351,2.4583,3.5528,5.2951,7.4181,5.6234,4.1519,0.79587,0.53479,0.28804,0.16167,0.072028,0.046565,0.010688,0.012804,0.0024443,0.0020547,0.0022049,0.002264,0,0
3.6434,0.10587,0.32061,0.051178,0.17344,0.69805,0.3475,0.56974,0.57131,0.92971,3.1224,2.3416,1.7688,2.271,3.1285,4.4426,8.2849,5.0834,4.6155,0.80278,0.48142,0.37765,0.22689,0.088149,0.041663,0.013635,0.0060041,0.0068305,0,0,0,0,0
2.3843,0.1025,0.067164,0.05671,0.48518,0.20915,0.42737,0.53312,0.89055,1.2203,2.4684,1.8889,1.8765,2.3546,3.5409,4.6494,7.9668,5.1888,4.7051,0.96256,0.63844,0.34667,0.21203,0.10707,0.031794,0.0097205,0.0096615,0.005119,0,0.002198,0,0,0
2.4586,0.10934,0.066595,0.33432,0.32818,0.30515,0.32429,0.62838,0.96995,0.92498,2.8102,1.8686,1.9618,2.7845,3.093,5.1198,8.0042,5.7328,4.9289,0.8512,0.49121,0.35559,0.20051,0.084368,0.04091,0.017881,0.011068,0.0021206,0.0043478,0.0016735,0,0,0
2.798,0.097564,0.21156,0.24822,0.28653,0.18121,0.2519,0.73025,0.98708,1.0628,2.0822,2.021,1.7874,2.7602,3.3099,4.72,7.9119,5.3641,4.7354,0.97465,0.62135,0.38909,0.20581,0.10647,0.02371,0.014482,0.0073165,0.0022611,0.0024925,0,0.0019576,0,0.0016882
4.46,0.31711,0.1643,0.059668,0.2449,0.34597,0.33698,0.64958,0.94648,1.014,2.4126,1.9265,1.9279,2.2562,3.3448,4.5609,7.9469,6.0497,5.4034,1.0149,0.56357,0.36864,0.25263,0.15232,0.053375,0.021314,0.0020238,0,0,0.002224,0,0,0
2.2125,0.17321,0.44554,0.18376,0.34607,0.25248,0.71157,0.35587,0.6958,1.1349,2.9532,1.7087,1.9447,2.5178,3.6529,4.9175,7.9126,5.8401,5.4755,1.1446,0.70863,0.34932,0.22837,0.1059,0.046632,0.02678,0.010719,0.0058413,0.0023264,0,0,0.0017497,0
3.7127,0.080005,0.069964,0,0.20355,0.5582,0.91849,0.72078,0.9073,1.0795,2.4536,1.6078,2.2325,2.7951,3.5943,5.1693,7.369,6.7204,5.1735,1.1446,0.70344,0.46901,0.20146,0.12214,0.040069,0.020912,0.0051839,0.0031129,0,0,0,0,0
4.0548,0.098028,0.13503,0.27338,0.22206,0.65277,0.69361,0.3488,0.81501,1.0909,2.2791,1.6696,1.7567,2.6963,3.4264,4.6834,7.4159,6.3209,5.1455,1.3316,0.79918,0.39568,0.26067,0.16736,0.050841,0.0033564,0.012765,0.0085623,0.0020199,0.0021874,0.0016332,0,0.0036152
2.6388,0.31575,0.1337,0.10033,0.45458,0.73162,0.81311,0.40541,0.80768,1.1295,2.4271,1.8667,1.9864,2.0235,3.4894,4.2108,6.6108,6.336,5.5341,1.5122,0.69595,0.47961,0.20463,0.1081,0.027882,0.027473,0.01449,0.0053213,0.0015784,0.0044986,0.0017877,0.0022922,0
3.8239,0.39204,0.13493,0.051119,0.45446,0.42334,0.51824,0.80465,1.0492,1.534,2.2036,2.0012,1.7035,2.235,3.4234,4.0789,7.1187,6.9048,5.2473,1.6154,0.71466,0.39081,0.26721,0.1425,0.057237,0.019637,0.0026916,0.0086059,0,0,0.0040015,0,0.0020347
3.389,0.1713,0.24194,0.11279,0.25253,0.30245,0.41885,0.31912,1.1025,1.0083,2.0197,1.9872,1.9201,2.2238,3.4648,4.205,6.4897,7.4449,4.9961,1.6524,0.77449,0.45366,0.2843,0.1941,0.044167,0.012069,0.0025268,0,0.0022554,0,0.0016685,0,0.0017759
3.2772,0.092152,0.13747,0.1667,0.23829,0.46006,0.51705,0.79324,1.0297,1.1089,2.8923,2.0801,1.9152,2.2528,3.6727,4.6593,5.874,7.6669,5.2217,1.7009,0.73458,0.38595,0.29241,0.14691,0.056403,0.025066,0.010345,0.0047455,0,0,0,0.0035842,0
4.2509,0.17529,0.20103,0.10449,0.60877,0.2421,0.71617,0.51387,0.97794,1.0983,2.3631,1.9163,2.1661,2.7088,3.5744,4.5245,6.0288,8.1792,5.0057,1.9994,0.84002,0.43066,0.27466,0.19353,0.072621,0.021607,0.015242,0.005405,0.0043208,0.0066486,0,0,0
3.0469,0,0.13638,0.24322,0.14486,0.14867,0.9323,0.78379,0.72686,0.75107,2.3433,1.6449,1.868,2.6004,3.5851,4.3169,5.5996,8.7391,4.8769,2.1738,0.86912,0.45813,0.31514,0.1696,0.058135,0.028209,0.0061483,0.0051371,0.0090024,0.0033227,0,0,0
2.1285,0,0.21136,0,0.43307,0.6334,0.39002,0.99029,0.85235,1.0961,2.4339,2.1719,1.9891,2.6523,3.7705,4.3646,5.726,8.7518,5.0548,2.5207,0.80599,0.46649,0.33232,0.15322,0.055848,0.022976,0.0082445,0.010323,0,0.0046004,0,0.0017732,0
2.128,0.087376,0.28852,0.20901,0.39672,0.13617,0.38842,0.50652,1.0288,1.2032,2.3743,1.8031,2.4426,2.3937,3.5593,4.289,5.5948,9.3449,4.6841,2.8497,0.96128,0.55567,0.23919,0.18556,0.066731,0.043212,0.02249,0.013338,0.0024446,0.0041721,0,0.0017087,0
3.0054,0.26086,0.2149,0.1234,0.42603,0.60053,0.58488,0.69841,0.81796,0.94299,2.1595,1.8874,2.1487,2.6143,3.6218,4.6123,5.3667,8.7075,4.7512,3.0815,0.93503,0.58031,0.30837,0.2089,0.068947,0.026571,0.0026835,0.0048328,0,0,0.0022157,0,0
3.995,0.10424,0.39951,0.064549,0.37053,0.5141,0.44776,0.61872,0.58163,0.82928,1.9904,2.201,2.473,2.7123,3.4003,4.3689,5.6876,9.0086,4.9429,3.3585,0.95535,0.66086,0.42552,0.18554,0.089567,0.018154,0.0082481,0.0053531,0,0.0040016,0,0.002138,0.0019193
3.1074,0.19097,0.068772,0.31271,0.53386,0.41761,0.56061,0.31407,0.63797,1.199,2.4057,1.5553,1.917,2.6895,3.2209,4.0611,5.4435,9.3397,4.9828,3.5226,1.0417,0.50871,0.38083,0.23852,0.093315,0.03115,0.010727,0.0072325,0.0028233,0,0.0037992,0.0019101,0.0014677
3.2287,0,0.12606,0.039332,0.33716,0.5544,0.71933,0.56847,0.73954,1.2248,1.835,1.9688,2.2775,2.4607,3.8774,4.8218,5.5821,8.8274,5.2251,3.7662,1.0384,0.66976,0.35308,0.23875,0.10683,0.020958,0.025563,0.013837,0.004848,0,0,0,0
3.6606,0,0.36057,0.31708,0.46009,0.66869,0.43927,0.69601,0.62061,1.1466,2.371,2.1957,2.1921,2.1448,3.3063,4.7266,5.0798,8.493,5.1069,4.0882,1.2153,0.56101,0.38627,0.29007,0.096884,0.056935,0.014006,0.014284,0.011293,0.0087702,0,0.003413,0
3.8659,0.11603,0,0.20665,0.44786,0.3354,0.47032,0.50775,0.5312,1.3443,1.8316,1.7668,2.0574,2.4686,3.6876,4.1347,4.8063,8.562,5.3993,4.6895,1.211,0.68109,0.38148,0.25167,0.10012,0.033303,0.020281,0.0083549,0.0068074,0.0020058,0.0042547,0,0
2.5095,0.10345,0.2144,0.18524,0.3669,0.38692,0.5604,0.60962,0.85048,1.1273,1.708,1.809,2.0613,2.4498,3.6084,4.4965,5.2632,8.1868,5.5316,4.556,1.4102,0.56687,0.40315,0.24673,0.1066,0.042994,0.013836,0.01285,0.0046955,0.002215,0,0.0018736,0
2.6181,0.10699,0.14908,0.049822,0.33515,0.51726,0.79215,0.58132,0.83581,1.5727,1.8601,1.9205,2.1885,2.6349,3.4882,4.3494,5.1683,7.4219,5.696,5.1237,1.2643,0.65528,0.39406,0.33887,0.085389,0.038531,0.022238,0.0048571,0.0046469,0,0.0018896,0,0.0017118
2.9807,0.16514,0.069574,0.065317,0.41434,0.24642,0.57408,1.07,0.92364,1.395,2.498,1.7667,2.2299,2.4094,3.7984,5.0518,5.3977,7.4797,5.6964,4.989,1.5997,0.70198,0.45207,0.29737,0.083454,0.027969,0.022083,0.01331,0.0047769,0.0037874,0.0042167,0,0.0023662
3.4274,0,0.17145,0.22946,0.4241,0.39283,0.35958,0.61795,0.66215,0.77287,1.6923,1.9416,1.9403,2.6203,3.9035,5.0168,5.1824,6.9979,6.0001,5.1449,1.9902,0.6741,0.55701,0.27547,0.13595,0.038619,0.028345,0.014491,0.0090884,0.0022449,0,0.0022744,0
2.932,0,0.069267,0.12229,0.2944,0.31756,0.72128,0.52592,0.80761,1.1401,2.1446,1.9457,2.2536,2.4506,3.9222,4.9788,5.1312,6.9864,5.828,5.0942,1.8244,0.71624,0.42674,0.34107,0.11312,0.058773,0.010351,0.014792,0.0022583,0.0061178,0,0.0055266,0
3.9133,0,0.22829,0.23633,0.41731,0.56434,0.62696,0.52762,0.68706,1.2729,1.9421,1.6302,2.1838,2.6997,4.046,4.8862,5.1323,6.9838,6.3578,5.2552,2.0212,0.83549,0.47346,0.24688,0.14667,0.065195,0.021698,0.01486,0.011604,0.0049492,0,0.001831,0
2.8297,0.18075,0.072959,0.28854,0.42593,0.47141,0.7609,0.84164,1.0016,0.98273,2.4583,1.9486,2.1317,2.8946,3.492,4.4893,5.4987,6.8699,6.7359,5.223,2.4787,0.82066,0.54246,0.30937,0.15037,0.055074,0.039371,0.013701,0.0046078,0.0023132,0.0017054,0.0040453,0.0070202
2.1678,0.07829,0.22218,0.25821,0.20374,0.28856,0.43806,0.5384,0.59028,1.1641,1.8769,1.8596,2.4944,2.709,4.0575,4.7226,5.0865,6.62,6.9959,5.0785,2.7172,0.8332,0.48929,0.32741,0.13702,0.079377,0.040206,0.013776,0.005008,0.0036676,0.0017891,0.0022107,0
1.9197,0.31828,0.17667,0.22702,0.21061,0.34423,0.5522,0.83985,1.2009,1.0239,1.6644,1.8399,2.3688,2.3325,3.9226,4.6258,4.5304,6.4253,6.9656,5.1206,3.2034,0.95078,0.5803,0.36561,0.19713,0.068545,0.030542,0.015174,0.012323,0,0.0018457,0.0020413,0.0016799
2.2853,0.098311,0.44121,0.075799,0.50297,0.51867,0.39833,0.4178,1.2339,1.1065,2.0049,1.8343,2.0682,2.73,4.3669,5.0972,4.9263,6.1765,7.5301,5.5979,3.1641,0.9516,0.45744,0.4544,0.19094,0.040808,0.028084,0.020796,0.0080865,0.0022339,0.0038052,0,0.0038316
2.4348,0.11967,0,0.05427,0.21197,0.42763,0.61435,0.66849,0.92018,0.88612,1.9191,2.0267,2.306,2.7451,4.2292,4.6928,4.9608,5.9965,8.584,4.9132,3.4255,0.997,0.66871,0.38051,0.21825,0.086259,0.037401,0.015175,0.013202,0.0022658,0.0039736,0.0020425,0
2.6763,0.33071,0,0.17427,0.72982,0.20592,0.32934,0.61511,0.89246,1.2338,1.8049,2.3569,2.2868,2.6115,3.9564,4.9367,4.5529,6.4235,8.5642,4.9807,3.8879,1.245,0.58525,0.41679,0.17323,0.067296,0.039269,0.035327,0,0.012834,0.0042224,0.0096683,0
3.5293,0.10555,0.073067,0.11663,0.39803,0.50782,1.0569,0.44152,0.90956,1.2196,2.0159,1.7794,2.0716,2.444,3.645,5.2322,4.8041,5.7511,8.5305,4.7183,4.6948,1.1955,0.60668,0.41723,0.20539,0.071277,0.045438,0.009814,0.010266,0.0063182,0.0017716,0,0.0013478
3.8313,0.090017,0.27922,0.24568,0.28259,0.58134,0.46625,0.76205,0.97567,0.97412,1.8234,2.1014,2.0464,2.8495,3.951,4.6842,5.0677,5.8344,8.6353,5.0637,4.4806,1.3355,0.58629,0.45096,0.19221,0.10133,0.021276,0.034849,0.0042117,0.0040841,0.0021519,0.0033467,0
3.3819,0.095828,0.071482,0.097067,0.44074,0.59539,0.31934,0.47721,1.0723,1.3221,2.2323,1.6093,1.9008,2.3375,4.1939,5.0696,5.0243,5.9307,9.1885,5.117,4.8923,1.5776,0.60118,0.48317,0.24582,0.090568,0.059372,0.022571,0.016589,0.006698,0.0040161,0.006484,0.0018448
3.7609,0,0.14958,0.1345,0.31435,0.47269,0.65766,0.53888,0.71094,1.1827,2.235,1.9911,2.0468,2.5636,4.4564,5.2141,5.1727,6.5223,9.1959,5.2627,5.0731,1.6936,0.67399,0.45189,0.21256,0.073325,0.054989,0.013038,0.008324,0.0077113,0.0019419,0.0054063,0
2.9183,0,0.27328,0.14171,0.25926,0.41399,0.97824,0.68374,1.1077,1.4254,1.9521,2.0718,1.8953,2.7972,4.1727,4.8715,5.0585,5.5861,9.3817,5.1025,5.0674,1.8574,0.77771,0.54235,0.31139,0.16712,0.048517,0.025843,0.014148,0.0088174,0.0064629,0.0017119,0.0056638
2.1884,0,0.14246,0.26047,0.3867,0.61019,0.5832,0.70275,1.242,0.99496,1.5503,2.2251,2.2262,3.1027,4.2708,5.636,5.2666,6.245,9.6062,5.6517,5.0995,2.0493,0.7636,0.50051,0.27559,0.092628,0.055954,0.047994,0.0077517,0.0065245,0.0058393,0,0.0017023
2.1614,0.75884,0.2242,0.1123,0.40673,0.79471,0.61838,0.81296,1.0711,1.2939,1.8389,2.2611,2.2659,2.9213,4.4242,4.9788,4.7225,5.8322,8.9322,5.9477,5.0104,2.5126,0.94949,0.59245,0.30496,0.12834,0.046114,0.010551,0.013266,0.0044658,0.0021561,0.0034584,0.0017759
3.0679,0.11212,0.60319,0.3616,0.15459,0.53464,0.68624,0.66018,0.98206,1.5828,1.7003,2.2352,2.1965,2.833,4.7004,5.2731,5.3466,5.662,9.4584,6.1066,5.2645,2.6245,0.944,0.61863,0.27785,0.10132,0.056305,0.032445,0.017715,0.0086391,0.0021439,0.0036773,0
2.8519,0.20185,0.75003,0.37074,0.361,0.49535,0.74581,0.80102,1.1606,1.2101,1.857,2.662,2.0563,3.008,3.9671,5.2113,5.1204,6.0815,8.5261,6.2025,5.0349,3.1947,1.0019,0.63609,0.33107,0.16451,0.066357,0.027222,0.026591,0.018635,0.0043019,0.0040908,0.0017849
2.8324,0.35103,1.3968,0.06421,0.19248,0.43592,0.61043,0.59329,0.90085,1.2545,1.6771,1.8236,2.3719,2.5092,4.1476,5.1645,5.3201,5.8278,7.9286,6.5513,4.9966,3.2419,1.0613,0.59295,0.2801,0.18409,0.082197,0.032017,0.019251,0.010099,0.0045496,0.0036132,0.007231
3.1441,0.084183,0.87909,0.066367,0.46554,0.41749,0.99926,0.72261,0.90622,1.3338,2.0675,2.1664,2.4994,2.9019,4.1622,5.8124,5.4016,5.818,8.0634,6.5081,4.9774,3.5909,1.0384,0.71721,0.31526,0.17986,0.079067,0.033933,0.022727,0.0039351,0.0019634,0.0018895,0
2.3093,0.41594,0.96027,0.053506,1.0389,0.75616,0.98178,0.5841,1.004,1.0816,1.7823,2.0202,2.3279,2.8652,4.1194,5.7047,5.195,6.154,7.346,6.9195,5.4249,3.7154,1.2831,0.79078,0.27224,0.19629,0.058874,0.054397,0.019393,0.0072568,0.0043135,0.0039793,0
2.642,0.20096,1.1331,0.1923,0.58052,0.43984,0.59496,0.53767,1.2225,1.2436,1.6204,2.115,2.4561,2.9184,4.167,5.459,5.456,5.9957,7.2254,7.5679,5.3699,4.1979,1.5482,0.86543,0.4436,0.1854,0.082052,0.047373,0.025584,0.02289,0.0036939,0.0070888,0.0052383
3.9626,0.18123,0.3096,0.33575,0.44155,0.69985,0.69224,0.8879,0.99415,0.94604,1.7101,2.686,2.0884,2.6903,4.43,5.1799,5.9093,6.0909,7.415,7.6371,5.3335,4.1319,1.6846,0.83773,0.36845,0.2064,0.11556,0.055597,0.030327,0.013698,0.0041796,0.0093805,0.0038016
3.8309,0.19186,0.23889,0.66576,0.29269,0.50979,0.86628,1.1412,1.2108,1.568,1.8503,2.0035,2.2783,2.6149,4.473,5.5357,5.9095,5.9989,6.5026,8.2142,5.2709,4.507,1.8602,0.9203,0.36251,0.178,0.10527,0.059577,0.013708,0.020863,0.0059649,0.0041062,0.0052104
3.2729,0.29942,0.079015,0.41085,0.14913,0.75493,0.59041,0.83611,1.1582,1.2769,1.5484,2.1681,2.0392,2.8612,4.4061,5.7618,5.3857,5.9455,6.5949,8.3988,5.6154,4.4952,2.309,1.0286,0.31467,0.27952,0.14012,0.054515,0.021115,0.028064,0.0042569,0.011059,0.0037878
4.021,0.078206,0.58688,0.23566,0.49677,0.71938,0.55291,0.6226,1.2276,1.2956,1.8624,2.197,2.2466,2.801,4.6422,5.2248,5.5073,6.4645,6.6848,9.1023,5.6677,4.6252,2.1256,1.189,0.45392,0.2387,0.1191,0.053051,0.03062,0.02027,0.0099063,0.0021024,0.0016746
1.0087,0.61234,0.6085,0.5872,0.24856,0.77379,0.47527,0.67042,1.1967,1.2753,2.1349,2.2004,1.9189,2.9204,4.007,5.2734,6.1317,6.1271,6.3144,9.4103,5.8871,4.7737,2.6574,0.97573,0.52867,0.24783,0.10586,0.082149,0.060265,0.032992,0.0065812,0.0037728,0.0035648
3.795,0.10453,0,0.071413,0.32871,0.43806,1.0026,1.0127,1.1373,1.44,1.8092,2.1341,2.2186,2.973,4.6758,5.4274,5.6779,6.4668,6.3566,9.4068,6.3039,4.4993,3.0401,1.325,0.49816,0.21266,0.15896,0.062726,0.022329,0.024398,0.011764,0.013595,0.001803
1.8646,0,0.22561,0.15864,0.7318,0.42811,0.95685,0.89749,0.84789,1.2454,1.5983,1.954,2.1165,2.9525,4.6403,6.1313,6.1585,6.835,6.6061,9.266,6.4637,4.592,3.5393,1.4858,0.55711,0.29378,0.16424,0.055919,0.047616,0.025365,0.020206,0.0055034,0.0087039
3.7824,0,0.34331,0.059228,0.30772,0.59982,0.84887,0.98894,1.238,1.1342,2.2801,2.2477,2.606,3.0526,4.6251,5.4406,6.2212,6.5571,7.0306,9.1095,6.7375,4.7133,3.4713,1.6339,0.55428,0.27644,0.17153,0.06698,0.031909,0.022095,0.019448,0,0.0032856
3.1507,0,0.36413,0.32604,0.36119,0.72014,1.0415,1.1433,0.66604,1.0555,1.9502,2.3619,2.3602,2.7792,4.2316,5.4606,6.099,6.778,6.5443,8.1207,7.1796,4.6597,3.664,1.8781,0.57492,0.32053,0.14611,0.090616,0.044897,0.029738,0.017018,0.0097012,0.012509
3.3134,0.90177,1.3192,0.46897,0.26243,0.7229,0.75505,0.84107,0.84368,1.3668,2.1768,2.7879,2.618,2.867,4.872,5.6039,6.4331,6.3083,6.1473,7.9198,7.6193,4.9294,3.745,2.2124,0.56933,0.33771,0.23116,0.077024,0.071928,0.022208,0.012891,0.0093873,0.0102
2.3778,0.3398,0.72098,0.39919,0.33913,0.42551,0.90306,0.63199,1.0443,1.1401,2.2535,2.0333,2.2892,2.7201,4.3204,5.4102,5.9032,6.8545,5.9718,7.3656,7.9111,4.9268,3.8665,2.3722,0.51413,0.33163,0.1967,0.095807,0.062661,0.036073,0.017693,0.0137,0.010659
5.0114,0.38908,0,0.27893,0.65932,0.7776,0.96552,0.97342,1.0428,1.159,2.4719,2.0113,2.4594,2.9523,4.3006,6.0754,6.1166,7.0149,6.5507,7.3288,8.085,5.2312,3.7868,2.8613,0.60838,0.34269,0.23792,0.12117,0.080655,0.048189,0.022329,0.023865,0.001815
2.4955,0.10557,0.51331,0.27082,0.69922,0.64298,1.0033,0.70898,1.2758,0.96011,2.1979,2.6604,2.4199,2.8068,4.3155,5.8338,6.2629,7.2031,6.256,7.4632,8.6917,5.4629,4.1769,3.0778,0.76605,0.39269,0.18765,0.16024,0.066788,0.039513,0.027067,0.015853,0.0035991
3.1955,0.28229,0.53243,0.35926,0.54169,0.85935,0.96531,0.81223,1.2209,1.5297,2.1894,2.2066,2.5456,2.738,4.2067,6.1695,6.2285,7.2309,6.929,6.8346,9.3712,5.4668,4.0902,3.2209,0.76006,0.49266,0.30811,0.16702,0.061348,0.055912,0.022162,0.019762,0.012975
2.5478,0.19833,0.36356,0.36649,0.47251,0.58097,0.70218,1.0161,1.0619,1.4859,1.8056,2.5653,2.7605,2.6935,5.1113,5.0689,6.2274,6.8657,6.6771,6.6268,9.0233,6.0413,3.9428,3.5435,0.84968,0.44404,0.19753,0.13055,0.072818,0.047355,0.024802,0.01508,0.012721
3.4693,0.53058,0.86432,0.31065,0.93549,0.56419,0.74388,0.72657,1.2661,1.5766,1.7402,2.2941,2.2369,2.8557,4.6031,6.1134,6.1852,7.0661,6.2369,6.7812,9.0318,6.016,4.0334,3.6042,1.0552,0.44237,0.25821,0.15138,0.10361,0.057198,0.029594,0.031396,0.012479
3.2749,0.1093,0.40936,0.67073,0.33624,0.7761,0.96886,1.0272,1.4691,1.8551,1.8968,2.4291,2.7348,2.9552,4.8287,5.8777,6.4718,7.0551,6.7799,7.0782,9.4048,6.1754,4.3173,3.7796,1.071,0.4735,0.30331,0.17962,0.091105,0.067109,0.023775,0.013499,0.011189
4.1474,0.24681,0.73526,0.39234,0.59666,0.84992,0.8584,1.0856,1.3291,1.3662,1.9007,2.3852,2.9573,2.992,5.0803,6.0036,6.8373,7.4598,6.8391,6.572,8.6146,6.8669,4.1939,3.8203,1.2583,0.56587,0.29531,0.17491,0.12913,0.050498,0.027152,0.02723,0.021371
3.1966,0.28666,0.39913,0.54038,0.46578,1.0213,1.1618,0.68645,1.2645,1.4637,2.4388,2.5051,2.4855,3.3194,4.4402,5.7322,6.2853,7.6092,7.0016,7.0567,7.9528,7.197,4.5068,4.0224,1.5536,0.6341,0.35279,0.22184,0.1568,0.072124,0.04358,0.020495,0.029624
2.9283,0.28912,0.41366,0.43283,0.53882,0.92069,1.2061,0.89866,1.1963,1.4976,1.9279,2.6644,2.7581,2.9767,4.9418,5.8662,6.5165,7.2789,6.9696,6.1514,8.0668,7.5147,4.5839,3.4576,1.5739,0.61168,0.37576,0.23635,0.16201,0.062205,0.041704,0.016815,0.027079
3.8253,0.17994,0.88249,0.94248,0.36011,0.94422,1.254,1.1043,1.7082,1.4647,2.1481,2.5922,2.8309,3.1731,4.7218,6.3097,6.4727,6.9811,7.3047,6.8018,7.6585,8.1824,4.7271,3.9525,1.8329,0.63041,0.31473,0.24097,0.15613,0.099831,0.058081,0.022507,0.022732
3.8499,0.27412,0.35187,1.3129,0.52963,1.1492,1.6359,1.2,1.5606,1.3654,2.0281,2.1971,2.5564,2.8792,4.8542,6.0678,6.2805,7.6748,7.1221,6.2938,7.1978,8.0839,5.3267,3.805,2.2948,0.6883,0.3733,0.27115,0.15793,0.11055,0.046284,0.035368,0.026549
4.7904,0.76746,0.54444,0.60999,0.32331,0.78816,1.856,1.0546,1.4273,1.8719,2.0934,2.1824,2.8035,3.223,5.2646,5.8553,6.4793,7.5338,7.0849,6.1746,7.3273,8.1848,5.4634,3.876,2.4483,0.86453,0.40695,0.2594,0.21095,0.10919,0.050339,0.025808,0.018446
3.4968,0.52757,0.40415,0.51628,0.64525,1.6262,1.3156,1.5044,1.8006,1.4588,2.2972,2.7996,2.6077,3.4501,4.699,6.39,6.9351,7.2752,7.2472,6.335,6.7957,8.0382,5.9949,4.1736,2.746,0.98498,0.48607,0.26614,0.17836,0.10455,0.054831,0.030122,0.030864
2.1623,0.54693,0.075159,0.50342,0.62823,1.3696,1.6648,0.74166,1.5208,2.0751,1.8452,2.7914,2.6843,3.3731,5.116,6.2078,6.3414,7.714,7.2949,6.5437,7.0589,7.6583,6.4044,4.3393,2.6848,1.0597,0.50339,0.33333,0.1549,0.14638,0.080363,0.047843,0.036228
3.4732,0.64073,1.0002,0.91784,0.54945,0.90518,1.831,1.2506,1.446,1.9185,1.8934,2.887,2.7814,3.4586,4.8347,6.9089,6.6827,7.9416,7.3862,6.4634,6.634,7.2312,6.3363,4.4383,2.9414,1.2297,0.61831,0.30357,0.1944,0.14009,0.10486,0.056479,0.029384
3.3059,0.55072,0.77605,0.64782,0.18138,1.6013,1.175,1.7237,1.712,1.6994,2.6385,2.7227,2.665,3.3825,5.9626,6.665,6.7467,7.9433,7.347,6.6825,6.828,6.9386,6.6572,5.0277,3.0134,1.5206,0.58167,0.37336,0.24238,0.13605,0.078793,0.06179,0.037504
2.2125,0.094174,0.56605,0.38791,0.65195,1.7257,1.7387,1.5072,1.1625,2.5763,1.8648,3.3311,2.8705,3.4437,5.3621,6.4625,7.1678,7.7121,7.7444,7.4323,6.6799,6.8359,6.7606,5.141,3.2044,1.9251,0.67253,0.32175,0.2511,0.1272,0.12386,0.055373,0.039214
3.4964,0.78944,1.1076,0.74275,1.2187,1.1042,1.0526,1.074,1.723,1.917,1.7916,2.9389,2.951,3.3841,5.2815,6.3567,6.7857,8.4501,7.3856,6.8459,6.8187,6.5964,7.2333,5.5742,3.1206,1.912,0.71965,0.44576,0.3012,0.16022,0.12272,0.050097,0.039149
1.8702,0.36987,0.8992,0.83469,0.50651,1.2329,1.527,1.9083,2.0301,2.0704,2.3683,2.723,2.6183,3.726,5.3792,6.4166,7.0013,7.714,8.1102,7.0677,7.2792,6.1943,6.8917,5.6782,3.3618,2.0445,0.9583,0.47647,0.3297,0.1727,0.15827,0.089325,0.050548
3.8351,0.6117,0.88115,1.1405,0.7778,1.0412,1.3596,1.5619,1.7457,2.473,2.1064,3.0021,3.0009,3.8652,5.0306,6.1564,7.156,7.997,8.2139,7.4133,6.7173,6.504,6.6335,6.0611,3.2532,2.2658,1.0703,0.52335,0.29687,0.19121,0.11191,0.1047,0.047605
3.8724,0.44123,1.1258,0.56794,0.96249,1.0799,1.3424,1.4439,1.6472,1.8991,2.1782,2.9573,3.2466,3.7679,5.3439,7.1816,7.3324,8.6897,7.9448,7.41,7.1402,6.1634,5.8685,6.3617,3.468,2.5999,1.1814,0.51705,0.33199,0.20177,0.14174,0.089302,0.058446
1.8184,0.9258,1.0258,1.6844,0.91949,1.783,1.8058,1.5305,2.0629,2.5233,1.5143,2.9485,2.7155,3.4846,5.2146,6.9056,7.1505,8.2229,8.549,7.6784,6.8384,6.2733,5.7441,6.5777,3.5618,2.6555,1.4386,0.64028,0.34968,0.28244,0.21478,0.12298,0.086527
2.9847,0.69469,1.6436,1.6954,1.0524,1.3713,1.7209,1.7421,2.0522,2.5603,2.3003,2.8667,3.1465,3.8571,5.4511,5.9648,6.5801,8.2692,8.3819,7.2075,7.1856,6.407,5.678,6.4208,3.8525,2.6524,1.7819,0.64468,0.40577,0.29255,0.17413,0.086178,0.10419
4.3353,0.9427,1.2999,0.94183,0.64439,3.1104,2.138,2.1408,1.7347,2.6177,1.9813,3.6098,3.1082,3.9374,5.156,6.5071,6.8916,8.5801,8.3745,7.7985,7.1192,6.1292,5.4679,6.118,4.3051,2.804,1.9095,0.90513,0.49952,0.3066,0.20616,0.12725,0.085963
2.5882,0.52616,1.0869,2.0828,1.8994,1.3533,2.0344,1.6309,2.1013,9.7374,2.0673,3.1297,2.818,3.5375,5.0722,6.5022,7.1774,8.2177,8.7841,8.3302,7.4925,6.2671,5.76,5.7813,4.3801,3.0201,2.1394,1.0646,0.57479,0.28518,0.16667,0.1376,0.1145
4.6985,20.678,1.7415,1.5148,0.56435,1.7087,2.348,2.3961,1.984,13.51,1.9395,3.1157,3.6762,4.1322,5.8684,6.6009,7.1784,8.9361,8.6107,8.0304,7.4039,6.4788,5.378,5.4375,4.7969,3.118,2.0963,1.2733,0.64503,0.35582,0.218,0.15877,0.10072
2.564,54.389,1.5571,0.97631,1.7628,1.1885,1.6977,1.7773,2.3102,17.734,2.0376,3.4241,3.2105,3.868,5.3931,7.0367,7.5094,8.3732,8.6295,8.027,7.6904,6.3679,5.6925,5.5677,5.0688,3.0533,2.3877,1.5222,0.79367,0.44253,0.30083,0.18941,0.12365
3.147,74.057,1.9856,2.2473,1.6702,2.4379,2.4466,2.0152,2.1882,22.56,1.9125,3.4575,3.4536,4.0161,5.6902,7.3597,7.2911,8.4935,8.3507,8.3897,7.7464,6.225,5.4954,5.1865,5.1402,3.501,2.4829,1.778,0.92785,0.44633,0.3377,0.20446,0.11669
3.538,98.544,1.2378,2.2752,0.46093,2.2924,2.5896,1.9722,2.671,25.21,2.0648,3.5109,3.1179,4.0108,5.4278,6.6975,7.9961,8.8474,9.0663,9.0531,8.3629,6.8772,5.26,5.1941,5.1983,3.6294,2.6595,1.7839,1.2223,0.54033,0.33587,0.26624,0.19442
2.969,114.34,1.3744,3.1862,1.1561,2.5068,2.6866,2.5075,2.1485,24.998,2.2187,3.7865,3.319,4.4907,5.4832,7.1621,8.0823,9.3879,9.0349,8.6817,8.2214,6.7938,5.742,5.2048,5.0571,3.9434,2.7894,1.9376,1.3544,0.61916,0.33581,0.26026,0.18331
3.5925,125.97,2.6978,2.3775,1.237,3.1391,3.1713,2.5968,2.1736,26.584,2.1452,3.9793,3.7789,4.4669,6.1265,7.5649,7.6688,8.903,9.3756,8.5802,8.6288,7.1552,5.8542,5.3071,4.9152,4.3268,2.8476,2.2772,1.5851,0.83431,0.3789,0.31039,0.25061
4.4577,131.11,3.4526,2.193,1.1543,3.299,2.6706,2.5031,2.8859,28.133,1.9678,3.5775,4.0757,4.6054,6.039,7.6854,7.9254,9.2498,9.5913,8.7438,9.1087,7.6491,6.0592,5.6587,4.6222,4.4035,3.0664,2.2745,1.6346,0.9433,0.53142,0.34073,0.25957
3.9943,131.41,1.7363,0.76687,1.2733,4.0625,2.4049,3.9266,2.8405,28.477,2.3513,4.4931,4.7584,4.0819,6.4008,7.6058,8.0161,9.1873,9.682,8.9331,9.3792,7.456,6.0152,5.5885,4.5855,4.6679,3.3747,2.3818,1.957,1.1989,0.6565,0.40783,0.28687
3.6571,140.27,3.0386,2.7671,1.7889,4.0414,3.3594,2.4292,3.4246,30.611,1.9827,5.0324,4.8718,4.5335,6.9807,7.8194,7.7487,9.8109,9.3557,9.0013,9.2421,8.0949,6.2839,5.8687,4.2072,4.6693,3.6917,2.5269,2.0935,1.4076,0.76992,0.42643,0.27777
5.3542,145.22,2.9481,2.5413,2.1315,4.3924,3.5514,3.3655,2.2528,31.738,2.4404,4.2946,4.6827,4.5329,7.0803,7.6253,8.126,9.3122,10.102,9.4488,9.5553,8.248,6.6342,6.4745,4.9561,4.2455,4.0405,2.8858,2.0524,1.5786,0.90713,0.55167,0.34883
2.5076,156.14,3.601,2.0686,2.3224,4.0548,3.9867,3.2439,3.2238,66.026,2.2931,4.9428,4.8764,5.5421,6.8169,8.2433,7.9604,9.8184,10.727,10.186,10.212,8.8738,7.6491,6.2952,4.7777,4.4615,4.0346,3.1088,2.1908,1.6531,1.211,0.68235,0.4729
3.3534,213.17,3.4772,4.1951,1.8404,4.7112,3.5452,3.9423,3.5336,133.3,1.9965,4.4844,5.1409,5.2933,7.0052,8.0682,8.7118,9.7838,10.246,10.26,11.143,9.2883,7.9801,6.7056,5.2637,4.2769,4.1255,3.2473,2.4855,1.7544,1.3757,0.85678,0.5917
5.0327,554.83,3.9125,3.0222,1.4137,4.4454,5.6063,3.0766,4.296,180.72,2.2597,5.4242,4.8576,5.3815,7.656,8.7119,8.6647,10.455,11.02,10.921,11.008,9.8655,8.3354,7.428,5.4714,4.4264,4.1618,3.4857,2.6809,2.0166,1.4781,1.0701,0.66856
3.3709,1010,5.1567,3.6638,2.6424,4.7734,4.2157,4.9501,3.8242,90.733,2.4006,4.9993,6.1022,5.2224,8.1595,8.762,9.9684,11.063,11.802,11.882,12.088,10.73,8.653,8.0268,5.9372,4.6277,4.0708,3.7025,3.0429,2.3442,1.7244,1.2446,0.82525
4.4465,797.51,4.4525,4.2888,3.2005,6.6041,5.3836,5.0469,4.0413,68.526,2.2934,5.4577,6.4863,6.0726,7.9793,9.9984,10.779,12.58,12.861,12.781,12.802,11.961,9.6427,9.1118,6.5564,5.3471,4.158,3.8521,3.2506,2.5429,1.8379,1.4383,1.1356
3.8296,342.92,5.3236,3.9283,3.1986,5.6805,5.0059,4.8615,4.2926,55.908,1.824,5.9254,5.6119,6.3699,9.1566,11.078,12.183,13.728,14.163,13.831,14.764,13.288,10.789,9.8863,7.0669,5.8017,4.2557,3.7211,3.288,2.5632,2.0409,1.5423,1.2119
4.2826,275.64,6.2505,5.1182,2.9076,6.9044,5.9518,4.8552,4.6026,56.576,2.3793,6.8549,7.2115,7.7674,10.896,12.916,12.929,15.147,15.879,16.181,16.377,14.263,11.399,11.271,7.9695,6.2056,4.9557,3.9194,3.4626,2.7484,2.2084,1.7581,1.4149
4.8379,244.51,5.4673,6.3679,3.4455,9.0315,6.9,5.6397,4.5547,54.848,2.0857,7.3761,8.7577,8.9066,12.491,15.837,15.879,18.219,18.445,18.455,19.122,16.323,13.741,12.376,8.9619,6.9849,4.9554,3.9756,3.3268,2.8828,2.2821,2.0114,1.5728
4.7643,262.7,5.8397,8.0961,3.2339,10.51,7.779,5.5267,7.2631,59.171,2.5932,10.069,9.7043,11.054,15.906,18.553,19.159,22.61,22.224,22.074,21.834,19.026,16.188,14.938,10.375,7.9585,5.8181,4.2093,3.4432,3.011,2.5089,2.1794,1.8821
4.9305,270.32,8.0658,6.7168,4.7574,10.75,9.4435,8.491,7.1783,57.022,2.3485,12.581,12.216,13.398,20.637,25.643,24.697,29.415,27.074,26.337,26.665,22.978,18.573,17.227,11.87,9.0587,6.4924,4.5067,3.7883,3.0537,2.57,2.3623,2.0137
6.2882,291.46,7.4,6.8513,4.3624,14.048,13.819,9.9263,8.7184,41.824,1.8719,16.799,17.909,18.096,27.767,35.569,33.962,37.303,34.98,33.481,32.999,27.451,21.833,20.335,13.75,10.426,7.5674,5.0151,3.8952,3.1792,2.8241,2.607,2.3064
5.1836,198.09,8.6627,8.1202,4.3276,20.459,16.721,11.121,12.69,30.308,1.7533,24.856,23.211,27.227,41.043,48.829,46.254,52.512,46.407,42.016,42.068,35.156,27.243,23.884,15.962,12.539,8.3929,6.0091,4.4819,3.5049,2.9552,2.6415,2.4332
10.48,101.98,11.011,8.8199,4.9222,31.171,31.286,18.409,19.791,36.94,2.2578,41.682,36.139,43.094,63.456,72.126,66.328,70.037,61.141,55.282,52.764,43.057,34.4,29.969,19.11,14.59,9.7804,6.8598,5.0468,3.7541,3.2005,2.8839,2.7151
10.099,54.557,16.068,12.437,5.8328,59.445,61.739,28.366,33.681,53.86,2.1504,70.193,60.182,70.254,98.378,111.02,93.822,100.81,85.035,71.328,69.105,56.012,42.858,37.391,24.023,17.214,11.813,8.0232,6.003,4.213,3.4861,3.1001,2.798
11.926,45.373,20.771,18.322,6.4134,115.78,142.52,58.586,63.969,92.107,2.1394,128.36,103.43,116.81,155.85,170.36,143.85,147.41,117.77,98.371,90.331,72.237,54.264,45.914,29.894,21.159,13.908,9.3008,6.8635,5.0784,4.0798,3.5519,3.1551
13.41,48.806,38.404,30.858,8.425,271.36,318.03,124.23,136.6,185.15,2.2118,234.39,178.74,198.23,253.87,271.87,217.17,217,167.27,133.86,119.37,93.388,70.091,58.102,36.458,25.923,17.34,11.808,8.2304,6.022,4.8008,4.1333,3.565
25.079,83.775,100.61,83.267,7.8709,667.29,739.94,265.38,297.57,365.92,2.1727,439.75,322.85,352.16,427.3,427.38,331.92,318.19,237.04,187.12,163.51,124.73,91.881,75.889,46.116,32.698,21.332,13.935,10.312,7.1044,6.0356,5.0807,4.4067
109.03,253.29,321.36,229.52,8.9414,1500.8,1598.2,637.64,650.7,762.08,2.3052,821.96,585.04,624.04,715.87,680.22,510.73,478.09,341.58,256.86,222.52,165.56,118.46,97.59,58.146,40.494,27.261,17.983,13.041,9.6133,7.8019,6.4054,5.7163
424.25,840.84,953.14,641.87,8.4815,2873.8,3039.8,1457.2,1450.4,1587.5,2.4944,1556.4,1070.6,1090.3,1192.3,1091.9,795.93,722.53,490.94,357.45,300.77,221.27,158.11,129.15,75.11,52.568,34.225,23.709,17.526,12.991,11.207,9.2615,8.1168
1233.2,2335.3,2362,1491.6,11.351,4811.7,4924.7,3123,2973.1,3068,2.4738,2786.4,1954.9,1940.9,1996.1,1760.6,1239.9,1102.3,714.39,508.21,417.98,300.21,210.78,169.63,98.264,67.883,46.531,33.044,26.135,20.357,17.359,14.867,12.486
2655.6,4868.4,4774.7,2917.6,16.219,6856,6895.9,5499.1,5216.8,5249.5,1.7283,4517.7,3432.9,3327.6,3276.5,2795,1938.5,1686.7,1052.9,721.15,579.9,408.77,284.37,224.21,130.67,93.708,68.238,51.184,43.246,34.758,30.723,25.425,21.67
3984.3,7711.9,7712.4,4727.8,23.446,8368.2,8308.2,7830.4,7401.5,7478.3,2.2608,6313.2,5448.5,5207,5033.2,4216.9,3001.4,2553.4,1542.6,1031.2,813.28,565.07,384.85,302.73,177.02,135.73,108.54,86.028,75.795,60.348,52.473,42.5,35.088
4406.3,9561.8,9915.7,6263,41.304,8664.7,8739.6,8664.4,8393.6,8690.4,2.093,7513,7253.4,6980.7,6786.5,5720.9,4419.9,3731.9,2282.1,1481.5,1147.8,788.5,535.82,423.23,251.85,212.91,177.55,142.8,121.96,96.12,79.305,63.531,52.349
4205.6,9712.2,10751,7032.6,99.013,7704.6,7823.7,7392.3,7436.1,8164.8,2.2115,7535.9,7644.1,7660.3,7765.7,6794.4,5770.3,4955.2,3206.7,2122.2,1623.9,1120.2,763.31,611.57,377.61,328.99,265.19,206.88,167.67,129.11,102.67,82.055,66.937
3254.5,8423.5,9828.2,6487.5,302.63,5860.5,6027,4740.4,5052.2,6079.6,2.062,6291.9,6252,6586,7288.1,6891.2,6362.9,5682.9,4100.6,2819.8,2161.8,1529.7,1061.9,854.67,549.46,437.61,332.9,249.34,194.06,146.06,112.84,90.905,74.946
1743.4,5669.9,7270.4,5055,937.94,3749.5,3887.9,2320.9,2678.5,3548.1,2.0965,4262.2,3798,4362.4,5532.6,5807.7,5648,5453.2,4405.5,3261.8,2515.1,1836.2,1315.6,1060.7,671.74,471.46,331.68,240.18,181.02,134.49,103.87,85.41,70.06
532.47,2949.9,4376,3169.4,2410.9,1921.5,2098.8,891.85,1089.7,1619,2.4461,2343,1697.1,2139.5,3305.9,4023.9,3966.3,4210.7,3831.1,3020.3,2418.1,1798.5,1320.6,1055.1,642.77,390.58,255.96,188.28,136.65,103.59,80.611,67.5,57.554
67.378,974.18,1990.8,1625.8,5031.5,823.65,929.84,279.67,360.73,581.81,1.7758,995.86,570.05,779.87,1494.7,2203.7,2091.3,2568.6,2590.4,2144.4,1839.7,1362.1,1001.6,804.1,458.08,245.39,153.56,111.61,82.429,63.63,50.093,43.77,39.299
5.4069,199.65,640.69,645.83,8224.4,277.97,326.27,78.848,112.14,195.66,2.2688,338.23,180.44,239.22,504.36,911.06,796.19,1188,1304,1107.4,1067.8,765.85,544.05,449.97,234.1,113.83,69.312,52.703,38.534,32.506,25.918,24.382,22.51
2.9824,24.128,110.54,169.97,10620,77.817,103.09,26.601,39.851,75.572,2.4772,125.34,70.567,89.65,156.77,297.88,237.85,398.38,473.89,411,456.53,308.35,210.36,181.43,89.567,42.302,27.164,21.589,16.849,14.998,12.636,12.571,12.355
1.5936,13.377,10.321,30.786,11069,20.697,34.995,17.294,26.64,47.329,2.341,57.266,39.626,45.216,62.427,98.844,79.998,119.52,138.57,122.14,150.51,99.188,66.91,62.531,31.329,17.21,12.2,9.9694,8.4195,7.6611,6.9955,6.9301,7.2849
4.3242,13.546,2.3318,6.1122,9153.5,12.797,17.647,15.956,25.98,43.897,2.0158,39.202,30.602,33.566,38.694,51.499,46.051,53.38,54.874,46.144,52.456,37.012,26.117,23.596,14.7,10.194,8.1153,7.0199,6.0501,5.6164,5.3312,4.9939,4.9933
3.3612,10.473,3.3909,1.9678,6122,10.94,15.48,17.954,26.111,38.522,2.1571,31.52,22.399,25.103,30.899,39.17,35.858,38.302,37.242,29.689,29.111,22.169,17.223,15.218,10.828,8.2463,6.8089,5.8795,5.4874,4.8062,4.7531,4.1999,4.4525
1.8852,8.9642,3.0296,2.2431,3077,9.4097,13.982,15.692,22.672,30.772,1.9758,21.652,16.195,18.132,26.863,33.961,30.484,33.591,30.373,23.933,23.071,18.036,14.614,12.958,9.1845,7.2637,6.6997,5.6734,5.1124,4.7272,4.1872,4.3626,4.1801
2.6653,10.034,1.2729,2.0765,1168.5,12.301,13.082,14.368,18.591,21.715,2.4894,16.337,13.203,15.276,24.477,29.027,26.987,29.867,27.535,21.354,20.074,17.349,13.171,11.694,8.9656,7.0944,6.4346,5.4336,5.0046,4.5089,4.1881,4.0939,4.1752
3.6211,7.7371,2.2004,2.3605,310.98,9.6298,13.516,13.18,14.968,15.16,2.4667,12.632,10.903,12.56,22.214,23.737,25.061,26.358,22.867,18.338,17.917,15.358,12.389,11.298,8.1286,6.9953,6.346,5.398,4.8128,4.3944,4.2363,4.4101,4.4694
2.6347,6.9439,1.6521,1.827,52.314,8.0196,14.291,11.51,10.881,11.648,2.0418,11.514,10.104,12.378,21.532,22.871,21.323,23.789,19.675,17.145,16.528,14.579,11.573,10.713,8.1831,6.8804,6.1184,5.2019,4.7557,4.4115,4.4173,4.6548,4.6384
3.005,8.2422,0.94267,2.1525,9.7963,8.8171,13.286,9.3173,7.4555,8.5748,2.4386,10.848,9.1352,11.889,20.179,19.332,18.634,19.871,17.394,15.624,16.195,12.92,10.93,10.401,7.7412,6.7216,5.7691,5.2336,4.5174,4.4367,4.6659,4.8065,4.8195
2.4242,7.8703,1.1476,2.3874,8.2749,8.3391,12.119,7.5905,6.1611,8.5275,2.5783,11.201,9.1748,11.099,18.965,17.045,16.632,18.868,16.835,15.458,14.742,12.739,10.995,9.7725,7.8213,6.712,5.6485,5.0538,4.5034,4.5507,4.9731,4.9831,4.8601
1.8374,6.8191,0.85219,2.2622,8.5582,7.3188,11.883,6.2139,5.4423,6.0117,2.1854,12.055,7.785,12.072,16.427,15.661,15.558,17.486,15.703,14.702,14.841,12.187,10.281,9.918,7.903,6.5131,5.7619,5.2295,4.9986,5.1659,5.1572,5.0727,4.8717
2.377,6.682,1.8146,1.4419,7.7541,6.7137,9.6625,5.8412,4.8325,5.3044,1.9307,10.489,7.3489,12.706,14.157,14.113,14.454,17.265,15.893,14.38,14.03,11.788,10.592,9.6013,7.6906,6.5773,5.757,5.3404,5.1958,5.3606,5.431,4.8909,4.3181
1.9404,8.4765,1.0725,1.5123,11.245,7.1531,7.5839,4.2601,4.1711,5.0222,1.5757,9.4594,7.0089,13.179,12.377,12.904,14.505,16.47,15.081,13.243,14.366,11.779,9.862,9.7115,7.4699,6.2924,5.6433,5.325,5.416,5.6087,5.3335,4.6318,4.3214
2.4517,5.9769,0.85083,0.81351,14.349,5.9245,5.1824,3.9248,2.9678,3.8414,1.9463,6.5242,6.8681,10.873,9.984,12.41,13.897,14.688,15.015,13.116,13.962,12.142,10.036,9.8854,7.2922,6.5685,5.6447,5.4872,5.9362,5.958,4.7942,4.3909,4.0118
2.0942,5.6097,0.94423,1.3836,14.524,4.3615,3.9079,3.0957,3.6979,3.9587,2.0656,5.9618,5.1586,10.487,8.8511,10.937,14.99,13.182,14.031,12.917,13.732,11.913,9.9577,9.2687,7.4388,6.3799,5.8892,5.9804,6.4254,5.635,5.1436,4.2734,3.4468
2.9413,6.3215,1.0397,1.5007,14.5,3.9934,3.2448,2.6674,2.3634,3.879,2.1587,4.5978,4.8113,8.3331,8.1581,10.361,13.129,12.288,13.574,12.887,13.442,11.879,10.408,9.32,7.3729,6.609,6.3087,6.4042,6.6577,5.5731,4.5237,3.8527,3.1942
1.2365,5.6599,0.79591,1.6489,10.692,3.1473,2.3526,2.6655,2.0119,3.657,2.3736,4.3695,4.6737,7.3942,7.4176,9.5057,10.973,11.657,13.3,11.769,13.077,11.291,9.6171,9.4754,7.3846,6.6364,6.4157,6.966,6.4468,5.2219,4.5121,3.5513,2.6746
2.968,4.4129,0.81767,0.8846,9.9717,2.2043,2.3975,2.7601,1.8449,3.6254,2.5754,3.5598,3.7119,4.8344,6.5786,8.6601,10.978,10.831,12.226,12.012,12.547,11.05,9.5849,9.1776,7.1537,6.6142,6.6419,7.2619,6.117,4.682,4.2458,3.4008,2.1946
1.7574,6.8528,0.35931,0.67668,6.6319,1.3401,2.562,3.0866,1.5342,3.4352,1.9533,3.5986,4.0825,5.0932,6.901,7.6407,9.437,10.979,11.842,12.098,11.705,11.196,9.529,9.0922,7.1061,7.0013,7.0869,7.4871,5.968,4.6829,3.9006,2.5438,1.661
1.6364,6.6598,0.81298,0.60456,3.3813,1.2282,2.5071,1.7612,1.7069,2.9017,2.2032,3.2523,3.6021,4.0666,7.0066,7.898,9.4148,10.199,11.122,11.309,13.121,10.374,9.1635,8.9125,7.4045,7.4374,7.8874,6.9986,5.2096,4.8618,3.4019,2.3127,1.4889
3.1234,4.6166,0.11417,0.71582,2.4314,2.162,2.2334,2.0113,2.2985,3.1312,2.3813,3.3349,3.1291,3.7066,5.7568,7.8184,8.4303,10.073,11.014,11.479,12.102,10.749,9.254,8.4996,7.2981,8.2056,8.4796,6.593,5.359,4.5621,2.877,1.8593,1.3223
2.5757,7.8675,0.40116,0.58573,2.8089,1.3506,2.5632,1.5846,1.8665,3.4539,2.2409,3.7125,3.4954,3.9712,5.9275,7.6338,9.2415,9.9165,11.288,11.573,11.947,10.398,8.9212,8.5514,7.2177,7.7713,8.1979,6.0031,4.8413,3.9996,2.3444,1.6801,1.2439
3.3998,7.3878,0.52614,1.297,2.211,1.7371,2.5771,1.2172,1.6716,4.1999,1.8311,4.4659,3.8638,3.9866,5.9386,7.7539,8.3538,9.3853,11.146,10.925,12.148,11.06,9.3495,9.1683,7.3419,8.8693,7.7824,5.468,5.1701,3.5369,1.9424,1.3716,1.1775
3.284,5.5169,1.3963,0.94485,2.5157,1.075,2.3985,1.6326,1.7548,3.9795,1.9256,4.9332,3.2242,4.0584,5.9786,8.1403,8.5128,10.089,10.873,11.289,11.754,11.026,8.9744,8.6822,7.9779,9.2411,7.1105,5.6599,4.8685,3.0394,1.6522,1.3173,1.2982
2.2737,5.4613,1.2467,1.2831,2.4501,2.4793,2.1848,1.5713,1.603,3.6594,2.4281,5.9953,3.9706,4.4353,5.8561,8.3133,8.9711,9.9885,11.013,11.288,11.696,10.766,9.2443,8.9212,8.1607,9.5348,6.4873,5.4724,4.76,2.3986,1.4733,1.3737,1.1594
3.6607,4.8276,1.1473,0.9289,2.7888,2.5099,3.0758,2.1969,1.6342,3.701,1.9524,6.09,3.7502,4.5823,5.5531,8.1949,9.2986,10.307,12.231,11.717,11.843,10.367,9.0651,9.3879,8.6259,9.5378,6.5065,5.5956,4.1705,2.0096,1.47,1.1923,1.0964
2.566,5.7218,2.0916,1.1163,3.3232,2.4906,1.5732,1.3919,1.539,4.4793,2.1051,6.7908,3.9748,5.0535,6.3775,8.3892,8.9358,10.349,11.545,11.441,12.001,9.8599,9.0045,9.2338,9.0671,8.8474,6.2136,5.637,3.4801,1.7497,1.5109,1.176,1.0066
1.6767,4.4457,2.3338,1.4441,4.1647,3.402,2.2531,1.9152,2.0953,4.8159,2.2833,7.6739,3.6895,4.9846,6.4675,8.5904,9.2836,10.079,11.09,11.495,12.313,10.628,9.0909,9.3293,10.143,7.9115,5.8882,5.4109,2.7688,1.6028,1.3366,1.221,1.0552
2.0516,5.8197,3.8561,2.0698,5.3731,2.3108,2.282,1.4393,2.1877,4.2048,2.0768,6.9621,4.5818,4.989,6.5346,8.1093,9.726,10.396,11.805,11.786,11.829,10.473,9.1113,9.7703,10.521,7.5641,5.9892,4.917,2.4429,1.5575,1.3055,1.1553,1.0271
3.0925,5.0955,3.5135,2.7453,4.2202,3.026,2.308,1.5835,1.5417,4.4029,2.1256,6.6105,4.6806,5.8392,7.0313,8.1871,10.001,10.325,11.791,11.781,11.42,10.521,9.0234,9.9083,10.81,7.172,6.1321,4.0708,2.0202,1.4116,1.138,1.1166,0.94366
1.2899,3.2466,2.9409,2.3514,4.7924,2.6521,1.3713,2.2519,2.1375,4.1115,2.2733,7.3301,3.9894,5.172,6.7213,8.9171,9.7469,10.574,11.371,11.592,10.917,10.493,9.7161,10.283,10.959,6.8365,6.2883,3.4078,1.7967,1.2798,1.1981,1.1053,0.90569
1.6954,5.1414,3.393,2.314,3.3343,2.689,1.6244,1.2682,1.6367,3.5182,2.2082,7.3972,3.812,4.2747,6.4154,8.4845,9.752,10.442,11.263,11.402,11.185,10.126,10.37,10.971,10.495,7.1753,5.8676,2.6441,1.6901,1.3504,1.1681,0.9868,0.92205
2.5782,5.5982,4.1246,1.7141,3.2985,2.3435,2.1951,1.7553,1.3709,3.9506,2.5181,7.5631,3.9586,4.6687,5.8154,8.1787,9.8155,10.364,11.55,11.553,10.988,10.219,9.9405,11.421,9.4147,6.828,5.436,2.3489,1.6774,1.3284,1.1672,0.93035,0.74358
3.3576,4.1525,3.3086,1.599,3.2377,2.7927,1.7437,1.4351,1.8603,3.9846,2.4023,7.4153,3.6914,3.8561,6.8513,7.8686,9.6313,10.952,10.897,10.946,11.323,10.761,10.281,11.807,9.0994,6.8011,4.5465,2.0256,1.5767,1.3034,1.0361,0.91294,0.78444
2.812,4.7139,4.1517,1.9876,4.047,2.2575,2.1893,2.0575,1.6554,3.7915,2.2242,8.7027,3.3897,4.3363,6.3615,8.1891,9.5611,9.7178,10.986,11.274,11.249,10.458,10.943,13.366,8.2195,6.9415,3.8774,1.746,1.4335,1.1517,1.1275,0.82968,0.754
2.0511,4.9897,3.6255,1.5859,4.4652,2.1506,1.7095,1.7782,1.8314,3.6125,2.5415,8.3971,3.2566,4.264,7.1472,8.0353,10.058,9.6234,11.237,10.959,11.317,10.697,11.376,14.048,8.2629,6.9798,3.3467,1.7583,1.3422,1.1219,1.0014,0.8112,0.72702
2.9584,2.8294,4.0874,2.2172,4.015,2.5112,2.2388,1.965,1.9323,3.78,2.2563,6.7378,3.7391,4.5447,6.9299,8.0127,9.3391,10.636,11.571,10.968,11.199,11.082,11.883,14.068,7.7513,6.613,2.6723,1.7706,1.5292,1.1525,0.97607,0.81317,0.57944
2.6207,4.0224,4.7023,1.9965,3.9383,1.9147,1.7386,1.2214,2.1745,4.2643,2.4401,6.0107,3.1703,4.8524,7.4702,7.8356,10.002,10.166,11.431,11.222,11.759,11.412,12.789,14.514,7.7154,6.7419,2.4856,1.6098,1.4077,1.1228,0.7924,0.71886,0.59778
2.6069,4.1634,5.0849,2.1195,2.3349,2.7151,1.8943,1.5507,2.6666,3.3021,2.2564,5.3508,3.8738,4.9475,6.9393,8.1809,9.7193,9.9276,11.369,10.615,11.711,12.01,13.359,13.462,7.4591,5.7332,2.0482,1.5529,1.2809,1.1738,0.79697,0.72059,0.53361
2.3433,5.301,5.1049,1.9127,2.7897,1.6636,1.7142,1.845,1.8574,3.0755,2.7458,5.6651,4.2235,4.0756,6.3462,7.6968,9.5327,10.297,11.805,10.979,11.859,12.595,14.472,12.632,7.61,4.6276,2.0313,1.6392,1.2309,0.99681,0.81465,0.59674,0.52047
1.5242,3.6395,5.1012,1.7933,1.8786,1.8228,2.6511,1.5787,1.3172,3.2255,2.6394,3.9213,3.7767,3.8896,7.5388,7.6579,9.7957,9.8099,11.15,10.82,12.082,12.88,15.153,11.594,7.9796,4.09,2.0386,1.495,1.295,1.0207,0.75965,0.65142,0.49956
0.74006,3.0924,4.0753,1.3378,2.047,1.7929,1.311,1.0529,1.6205,2.697,2.7054,4.1162,3.7927,4.0833,7.3409,7.1728,8.7641,10.131,10.596,10.905,11.959,13.902,14.535,10.196,7.8363,3.3716,1.6835,1.394,1.2805,0.93986,0.70431,0.62465,0.45318
2.5702,3.3255,4.161,1.0037,1.8816,1.4431,1.4934,1.0384,1.0809,2.9602,2.2057,3.5537,3.1945,3.7472,6.3668,7.0959,9.2405,9.6347,10.553,10.611,12.266,14.682,14.206,10.113,7.8581,2.8446,1.8742,1.4473,1.263,0.84691,0.67353,0.53138,0.48515
1.6437,3.7088,2.261,1.0588,1.5616,1.8328,1.3397,0.99283,1.2192,3.4809,2.3607,3.1526,3.2797,4.1774,6.5614,6.8429,9.8059,9.1154,10.497,10.47,12.819,15.939,13.486,10.063,7.8134,2.4738,1.7668,1.4059,1.0707,0.87628,0.62868,0.4519,0.36633
2.2517,5.4838,1.9686,0.78193,1.2378,1.0391,1.1457,1.2558,0.81723,2.4502,2.1683,3.0468,2.9271,3.6659,6.1315,7.0022,8.428,9.9067,11.05,10.78,12.991,15.866,12.396,9.6339,7.5949,2.2712,1.7133,1.3483,1.0647,0.8429,0.55516,0.49174,0.40727
3.0054,4.8642,1.4898,1.0768,1.3701,0.96976,1.2452,1.1044,1.168,2.435,2.9296,3.1258,2.8955,3.7578,5.9226,7.8223,8.8618,10.29,10.286,10.383,12.948,16.825,11.783,9.4292,7.0924,2.1677,1.5754,1.3038,1.0455,0.77253,0.59395,0.52947,0.36387
3.7487,3.179,1.3758,1.0733,1.1857,1.4282,1.7819,0.98464,1.6301,1.6711,3.138,2.3201,3.0762,3.4717,6.1149,7.7008,8.4992,9.3817,10.099,10.934,14.779,17.294,10.472,9.6842,6.1734,2.1951,1.5792,1.3068,0.96327,0.73196,0.54922,0.46015,0.41741
2.8898,4.7779,2.2761,0.82034,0.83815,0.76686,1.2362,1.0212,1.658,2.7857,2.3076,2.8656,2.9133,2.8946,4.7595,6.8863,8.1011,9.8751,10.285,10.271,13.93,17.455,10.401,9.2666,4.8909,1.8639,1.4797,1.2018,0.90312,0.65392,0.47493,0.42207,0.37425
2.7908,3.249,1.4609,0.89486,1.1281,1.3541,1.481,1.0852,1.1517,2.3184,2.4022,2.98,2.7408,3.8076,5.1265,7.4457,8.3796,9.0647,10.068,10.589,15.899,16.566,10.585,9.395,4.3075,1.9234,1.5182,1.273,0.95526,0.5934,0.47405,0.43417,0.35992
1.6279,3.748,5.7073,0.49851,0.62801,1.027,1.3943,1.22,1.4612,1.8668,2.6193,3.3571,2.2547,3.3721,6.0663,7.0273,8.2733,9.7014,10.152,11.315,16.059,14.995,9.6431,9.7305,3.554,2.0253,1.4877,1.1438,0.86706,0.59713,0.48211,0.38923,0.35206
1.4919,3.4737,3.0852,0.42458,0.58069,0.97469,1.3779,0.59374,1.6408,2.2466,2.3629,2.4447,2.9013,3.2731,5.4899,6.9459,8.1078,9.4659,10.028,11.536,17.337,14.062,10.236,9.8228,3.0831,1.7487,1.4168,0.99813,0.77328,0.5756,0.46347,0.38179,0.31246
1.0305,4.3749,3.0771,0.62304,0.63178,0.61192,0.94944,1.0222,1.7728,2.1635,2.2186,3.0034,2.3556,2.6457,5.6631,7.6739,8.2334,9.3149,10.498,11.842,18.491,13.59,10.024,10.239,2.7584,1.8027,1.268,1.0588,0.78829,0.59076,0.4406,0.3754,0.26851
1.4477,5.0678,1.6371,0.58503,0.74392,0.48763,1.7041,1.402,1.3629,1.9431,3.0819,3.4117,2.3679,3.1949,5.8322,7.7209,7.5381,8.8904,10.224,12.347,19.627,12.271,10.148,9.8561,2.6216,1.7044,1.2724,1.1017,0.7661,0.52375,0.44539,0.34623,0.26716
2.1863,2.5579,1.2596,0.95887,0.57896,0.84809,0.81741,0.84833,1.2838,2.5172,3.0195,2.1458,2.7244,3.1947,5.6409,6.7968,7.578,8.6854,10.169,12.107,19.462,12.008,10.245,9.7859,2.4162,1.7206,1.3176,0.90111,0.59605,0.49146,0.42027,0.36545,0.29025
2.8086,3.5803,1.2173,0.83859,0.47825,0.84439,0.98974,0.81878,0.91731,2.5698,3.3932,3.2326,2.4448,3.0233,5.8543,7.3405,7.7484,9.0854,9.7056,12.6,19.835,11.994,9.529,9.3579,2.2815,1.8025,1.3427,0.89194,0.69935,0.48402,0.36981,0.29133,0.27
1.6101,3.4377,2.0041,1.0424,0.81776,1.1926,1.647,0.63788,0.89002,2.0574,3.424,2.6323,2.2783,2.9021,4.8788,6.2794,8.4047,8.8668,9.8547,12.84,18.221,11.397,10.139,8.2361,2.1338,1.7026,1.1571,0.84997,0.63436,0.4999,0.40585,0.28379,0.20873
2.7535,3.0599,1.4152,0.79617,0.8422,1.3412,1.2476,0.85275,1.2581,2.0269,2.8341,2.1328,2.4351,2.8433,5.2631,7.3944,7.9869,9.4537,9.9727,14.036,17.38,11.341,10.112,7.5679,1.9894,1.4207,1.1834,0.822,0.67419,0.4592,0.32361,0.27897,0.23545
1.1481,3.9089,0.77147,0.27517,1.2077,0.32675,0.67128,0.88634,0.85737,1.2469,2.8535,2.419,2.2881,2.7708,4.4516,6.463,7.542,8.724,10.139,14.878,16.489,11.379,10.655,6.2285,2.0623,1.3292,1.202,0.79759,0.55084,0.46348,0.31377,0.27209,0.22349
2.1386,4.102,1.0882,0.28957,1.1421,0.79982,0.75037,1.1205,1.1574,2.3486,2.9441,1.7812,2.5598,2.7528,5.0452,6.5299,7.8506,9.0566,10.304,15.108,15.188,10.786,10.898,5.4821,1.9208,1.5255,1.1314,0.7544,0.51796,0.37657,0.27655,0.29876,0.21199
1.5668,2.872,0.68843,0.79346,1.1211,0.91595,1.22,0.6773,0.58272,1.9297,3.0991,2.5684,2.6502,2.8638,4.799,7.0433,7.1293,8.414,10.193,17.292,13.814,11.328,10.498,4.6343,1.7951,1.4004,1.0172,0.78258,0.51872,0.376,0.30787,0.23712,0.24907
2.2157,4.2765,0.26667,0.48179,0.75189,0.65296,1.032,0.91717,0.92753,2.153,3.2775,2.5119,2.2143,3.3746,4.8997,6.8592,7.7301,8.7616,10.47,18.007,13.707,11.327,10.119,4.0071,1.8885,1.5196,0.92184,0.80913,0.58771,0.36368,0.27665,0.2441,0.16655
3.5678,3.8118,1.1572,0.50439,0.58685,1.0877,0.94163,0.74501,1.7646,2.2343,2.8268,2.5563,2.4115,2.6766,4.3534,6.9323,6.9347,8.2645,11.155,18.222,12.933,11.112,9.4769,3.6632,2.0511,1.2933,0.98784,0.64409,0.51214,0.43726,0.26696,0.26969,0.18782
1.0882,4.3403,0.89541,0.75992,0.52023,1.5921,1.4794,0.89228,1.0082,1.8257,3.4675,1.9663,2.6681,3.0592,4.9435,6.7833,8.2757,7.9843,11.413,19.669,12.897,11.345,8.7016,3.2871,1.8531,1.4366,0.95916,0.66837,0.4597,0.28571,0.26011,0.21693,0.2009
2.7294,3.275,0.90348,1.104,1.429,1.64,0.99512,0.73822,1.592,2.1004,3.4102,2.1817,2.8373,3.3174,4.9019,6.9031,8.5533,8.9441,11.287,19.38,12.183,11.729,7.0255,3.3104,1.6068,1.3964,0.95333,0.55719,0.49479,0.33911,0.27182,0.19316,0.12341
2.9318,3.7212,0.43869,1.9267,1.151,1.7319,0.90377,1.1692,1.196,2.1368,3.3223,2.7518,2.6229,4.2888,4.8468,6.6945,8.1865,8.8976,11.302,17.939,12.273,11.696,6.4047,2.7654,1.645,1.3843,0.83736,0.48472,0.41731,0.34213,0.26045,0.21386,0.2123
1.2041,3.4129,0.66928,1.304,1.2016,1.9921,1.2704,1.1765,1.1906,2.1656,3.9247,2.3387,2.9415,4.1759,4.8962,7.0181,7.9783,8.9289,12.579,17.285,12.444,13.244,5.2791,2.5619,1.6796,1.2779,0.84178,0.49295,0.45684,0.2936,0.20381,0.18961,0.15833
2.2288,3.6822,0.21708,1.4121,1.0482,2.525,1.1353,1.4785,1.6256,1.8374,4.2742,2.4365,2.5778,3.8351,5.289,7.3813,8.0763,9.1856,12.53,16.572,12.449,12.226,4.4335,2.5744,1.5363,1.3302,0.7018,0.53776,0.33217,0.31949,0.24655,0.21928,0.15898
1.9189,3.4948,0.99161,1.4661,0.72757,3.9284,1.0561,1.0704,1.2808,2.3078,4.2637,2.5661,2.5777,4.1991,5.559,6.8226,8.475,8.9545,13.07,14.953,11.716,12.295,4.2092,2.423,1.672,1.1731,0.74679,0.45267,0.39014,0.23828,0.21313,0.20246,0.15568
2.4246,3.9081,1.4325,1.882,1.0128,2.8368,0.81618,0.87844,1.5384,2.1477,3.3658,1.9631,2.5632,3.6264,5.7325,7.1912,9.1575,8.847,13.281,13.871,11.89,11.835,3.7293,2.5947,1.6995,1.0769,0.86475,0.44412,0.38244,0.24902,0.24,0.18312,0.11424
1.5381,2.6605,0.4412,1.2449,0.7795,1.5959,0.77761,1.2922,0.99627,2.41,3.2702,2.6306,2.6163,3.0097,5.2233,6.5004,7.9263,9.8489,14.191,14.065,12.919,10.979,3.5931,2.1635,1.6818,1.0087,0.58129,0.47684,0.37045,0.26696,0.1866,0.16629,0.13775
2.0588,3.1707,0.74762,1.3347,0.56181,1.4434,0.94243,0.87668,0.96518,2.0413,4.5514,1.9608,3.1169,3.4006,5.4341,6.8598,8.2568,9.3524,14.912,13.234,12.593,9.7228,3.1063,2.391,1.5243,0.89779,0.63954,0.454,0.33979,0.27813,0.1712,0.15259,0.13174
2.4244,3.6408,0.69933,1.6536,0.66542,0.90705,0.91019,0.78964,0.84152,1.8107,4.4479,2.2836,2.4115,3.2717,5.6407,6.3466,7.3139,9.5009,15.95,12.731,12.408,8.6674,2.8179,2.0636,1.3339,0.92141,0.62313,0.45074,0.3598,0.2454,0.1773,0.1703,0.10042
1.3768,2.0619,0.48613,0.76348,0.87274,0.94301,0.55709,0.6556,0.9727,1.9293,4.9909,2.2583,2.5419,3.0824,4.738,6.0059,7.051,8.6683,16.671,11.723,13.261,7.8329,2.4426,2.1509,1.5126,0.99148,0.62557,0.40378,0.31952,0.22478,0.15766,0.10915,0.11585
3.1003,2.0422,0.49729,1.523,0.62486,0.56865,0.53004,0.72725,1.1543,1.7581,4.8555,1.8471,2.5405,3.0073,5.1037,6.2709,6.8353,8.4445,17.454,11.601,13.63,6.5675,2.4048,2.3942,1.5281,0.91459,0.54731,0.32067,0.3232,0.22352,0.18512,0.1287,0.1158
2.0676,3.5444,0.37133,0.75858,0.98354,0.33982,0.92863,0.81917,0.88517,1.8042,5.0868,2.2308,2.5253,2.9997,4.3691,6.1532,7.0711,8.5981,18.348,11.672,13.316,5.6501,2.3096,2.1788,1.3449,0.83614,0.48778,0.37702,0.29263,0.25307,0.18866,0.14014,0.10732
2.3338,2.5293,0.78543,0.88205,0.46461,0.92823,0.67587,0.47187,0.91737,2.2153,5.4391,2.0963,2.2005,2.9179,4.5092,5.9742,6.9143,8.8131,19.744,11.391,13.934,4.7661,2.367,2.0479,1.4478,0.8003,0.62347,0.32836,0.27441,0.22438,0.14564,0.11967,0.11192
2.8665,1.92,0.4844,1.0779,0.74531,0.79689,0.55198,0.38892,0.64912,1.4347,5.8511,2.0405,2.5495,2.5938,4.426,6.3316,6.6333,8.733,18.752,11.129,13.736,4.4059,2.2879,1.8426,1.4469,0.81668,0.52442,0.38847,0.26172,0.19138,0.12697,0.13718,0.11521
3.1105,2.6586,1.3094,1.1168,1.021,0.64683,0.81726,0.88703,0.58594,2.16,5.7676,1.8871,2.1927,2.8486,4.1923,5.7809,6.6895,9.2974,18.305,11.195,12.979,3.8996,2.1366,1.8846,1.2069,0.69524,0.48771,0.34403,0.22719,0.23161,0.1188,0.10581,0.10076
1.9984,3.0458,0.32993,0.56208,0.82396,0.67076,0.76148,0.84377,0.90474,1.8383,5.9971,1.7657,2.2481,2.7636,4.3325,5.6265,7.0643,8.8892,16.915,10.751,13.631,3.8163,2.0048,1.7145,1.2882,0.75061,0.4794,0.31763,0.27723,0.19744,0.11685,0.10897,0.083181
2.5936,3.377,0.82101,1.1758,1.0719,0.73092,0.46565,0.70922,0.71855,1.5345,6.6266,1.6628,2.0337,3.069,4.7876,5.3454,6.7222,9.3739,16.829,10.587,12.704,3.0077,2.1443,1.7974,1.2737,0.63227,0.4932,0.30086,0.23497,0.15996,0.10557,0.1127,0.069861
3.1363,3.8357,0.3674,0.46411,1.0416,0.48828,0.55069,0.93267,0.70727,1.9869,7.2914,1.3007,1.8579,2.7672,4.482,5.9852,7.4378,8.92,15.927,11.606,11.524,3.0442,2.1072,1.9003,1.0429,0.56211,0.40922,0.26734,0.24809,0.16856,0.11395,0.09395,0.084479
2.265,3.0994,0.92986,0.68527,0.58114,0.51995,0.60366,0.88799,1.0874,1.8462,7.1277,2.1052,2.0529,2.7226,4.1214,6.2097,7.3954,10.316,13.769,11.234,10.425,2.7584,1.949,1.6841,1.0664,0.65454,0.40191,0.24154,0.24062,0.13977,0.14184,0.099109,0.088957
3.7899,1.9986,0.25058,0.68063,1.1177,0.55875,0.42869,0.30827,1.0649,1.8086,8.8861,1.8462,2.3053,2.4969,4.5239,5.9082,6.9445,10.088,13.281,10.828,9.2863,2.8732,2.1337,1.7895,1.1356,0.66586,0.37984,0.27442,0.18033,0.15789,0.11118,0.12867,0.06971
3.7999,2.4818,0.38567,0.50489,1.0127,0.57221,0.32475,0.84194,0.38818,1.4353,10.976,1.9104,2.0996,3.1814,4.4248,6.0755,6.9956,10.617,13.037,11.538,7.7218,2.6904,1.9549,1.6372,0.93373,0.53766,0.33327,0.27463,0.19354,0.18005,0.098262,0.089721,0.069793
4.8993,0.76646,0.36043,0.49428,0.64215,0.85985,0.26983,0.65811,0.94979,1.6633,13.166,1.8969,2.211,2.8933,4.2063,5.8139,6.9125,10.236,12.554,11.241,6.9265,2.6752,1.9918,1.5469,1.0746,0.52101,0.37274,0.25382,0.20017,0.13457,0.10941,0.072445,0.075394
1.6973,2.8178,0.11134,0.76842,0.60366,0.36631,0.99683,0.61646,0.84611,1.5462,18.122,1.8752,1.559,3.0751,4.5328,5.534,7.7684,11.696,12.515,12.072,6.0023,2.5263,1.9517,1.6298,0.92856,0.50173,0.35448,0.27726,0.13641,0.13962,0.15186,0.081685,0.082712
2.342,2.7979,0.61155,0.75924,0.79423,0.61741,0.54158,0.54069,0.55025,1.7982,27.894,1.5943,1.7186,2.759,4.0407,5.4099,6.899,11.247,11.537,12.994,5.3082,2.2626,1.7874,1.6359,0.79143,0.43218,0.32755,0.22433,0.18115,0.13146,0.104,0.040939,0.062755
2.9703,3.2608,0.81414,0.53813,0.54485,0.95137,0.61386,0.6486,1.0743,1.4146,50.288,1.9017,1.7032,3.0231,3.784,5.3354,7.029,11.513,11.387,12.34,4.7021,2.1297,1.7548,1.5697,0.76717,0.41772,0.30465,0.29378,0.15242,0.12118,0.099827,0.081081,0.083718
3.1393,2.8532,0.42707,0.67073,0.79714,0.34415,0.90351,0.28288,0.72412,1.6052,98.208,1.6763,2.1128,2.6795,3.6889,5.7349,7.3733,12.285,11.458,13.358,4.3435,2.3239,1.64,1.4319,0.77958,0.46639,0.33876,0.1982,0.17952,0.14826,0.10029,0.08252,0.074551
1.9615,2.1851,0.68862,0.88746,0.68632,0.4974,0.68199,0.7617,0.5159,2.0742,199.09,1.7473,1.9748,2.7209,4.3849,5.4903,7.9734,12.619,11.318,13.384,4.2676,2.3143,1.6009,1.5892,0.81245,0.48216,0.3187,0.1217,0.16718,0.11175,0.0951,0.077236,0.055719
3.2276,1.4406,0.82683,1.2572,0.83941,0.49944,0.41831,0.36126,0.52975,2.0293,445.79,2.1145,1.8483,2.4463,4.455,5.5073,7.6528,13.215,11.03,13.87,3.4319,2.163,1.6721,1.4523,0.8208,0.35671,0.30239,0.22394,0.14715,0.099178,0.10386,0.075206,0.058516
1.6615,1.7583,0.24908,0.48846,0.45126,0.35156,0.77565,0.62011,0.48541,1.565,985.49,1.8559,1.8341,2.4419,4.2906,5.363,7.7028,14.769,10.929,13,3.1141,2.1069,1.6578,1.6208,0.78871,0.37822,0.27968,0.18192,0.15075,0.090884,0.11274,0.072936,0.055771
3.8976,1.8912,0.87965,0.40366,1.0968,0.20379,0.26888,0.98038,0.63393,1.4278,2142,2.2518,2.0371,2.2073,4.1315,5.2699,7.6578,15.414,10.928,13.586,3.2011,2.1555,1.4994,1.3185,0.70715,0.43552,0.26656,0.19052,0.15479,0.099215,0.072959,0.04984,0.041851
1.7487,1.3852,0.36636,0.973,0.24753,0.50361,0.68571,0.88499,0.7862,1.5432,4419.5,1.9502,1.9037,1.9956,4.2611,5.7865,7.9175,15.548,10.043,11.444,2.7882,2.3605,1.3132,1.4302,0.6034,0.40078,0.30937,0.18486,0.17288,0.11872,0.073595,0.070239,0.06497
2.3734,2.8632,1.0322,1.3422,0.74108,0.29353,0.47737,0.40338,0.65266,1.4686,7724.3,2.0429,2.0162,2.7302,4.1378,5.8967,7.9031,16.343,10.598,11.079,2.8569,2.1898,1.5287,1.3641,0.56001,0.34094,0.27008,0.17061,0.14007,0.095256,0.078577,0.042194,0.070921
2.6575,1.735,0.65004,0.79486,0.85746,0.81712,0.62897,0.78419,0.81165,1.2503,10727,1.7768,1.7425,2.777,3.8182,6.057,7.7498,15.565,9.7123,10.05,2.5197,1.951,1.405,1.2058,0.70439,0.35442,0.26997,0.16866,0.12579,0.13324,0.098091,0.057793,0.066891
3.5782,1.4254,0.4968,0.75137,1.0532,0.57206,0.79776,0.41211,0.53607,2.2953,11599,1.5486,1.9107,2.8559,4.3776,5.8028,8.6397,17.733,10.468,8.4041,2.6647,1.9993,1.4527,1.2573,0.62662,0.37438,0.21121,0.1595,0.16236,0.11231,0.075033,0.063658,0.047687
5.967,2.4775,0.38325,1.168,1.0686,0.54989,0.42276,0.87004,0.98513,1.7909,9566.5,1.9903,1.7908,2.3924,4.5526,6.4319,8.6874,16.382,11.015,7.8731,2.4394,1.9802,1.4527,1.3614,0.4191,0.3258,0.22143,0.13399,0.1477,0.096804,0.066594,0.041018,0.040637
1.0073,1.0307,0.93075,0.87505,0.92678,0.35966,0.75675,0.2827,0.98245,2.1032,5948.1,1.6455,2.014,2.7225,4.489,6.2799,8.902,15.41,10.14,6.5634,2.644,1.6478,1.236,1.159,0.58947,0.37748,0.17741,0.14949,0.11931,0.08238,0.071009,0.061418,0.034746
2.6875,1.6035,0.92893,1.0936,0.34184,0.44343,0.87352,0.63913,1.0973,1.9621,2679.1,1.4405,1.8396,2.311,4.3157,6.0112,8.9155,14.827,10.534,5.8192,2.16,1.7261,1.3936,0.95371,0.52074,0.31843,0.19541,0.08931,0.096549,0.10863,0.097855,0.052408,0.050753
2.4443,2.082,1.2719,0.92472,0.93569,0.95385,1.0988,0.75486,1.1409,1.2701,892.52,1.6181,1.9804,2.4133,3.7401,6.3622,8.9891,14.267,9.6047,5.2743,2.4768,1.7597,1.1771,1.0506,0.57342,0.3295,0.15217,0.13857,0.10964,0.10774,0.04642,0.066061,0.054174
4.1071,2.3494,0.6628,0.60929,1.1572,0.54086,0.81428,0.81547,0.68979,1.9297,266.06,1.4546,1.8912,3.1241,3.9241,5.3953,9.5904,13.653,11.404,4.9614,2.4282,1.7219,1.334,0.98071,0.5342,0.3546,0.19255,0.15346,0.12506,0.091741,0.055584,0.071691,0.070099
3.564,1.9291,1.0971,1.1679,1.1315,1.2188,0.55493,0.7417,0.72133,1.8093,109.32,2.1801,1.9395,2.8317,3.6771,6.0227,9.9605,12.611,11.736,4.5051,2.3264,1.9348,1.4944,0.97006,0.5489,0.26746,0.14697,0.13143,0.12547,0.081056,0.052967,0.029392,0.098473
3.1954,1.9414,1.3311,1.0479,1.7201,0.59385,0.68502,0.63578,0.60088,1.8093,63.336,1.676,2.5008,2.4324,4.5166,6.3049,11.834,11.372,11.614,3.9502,2.1003,1.8027,1.1257,0.90292,0.45051,0.24472,0.16077,0.13461,0.10768,0.093936,0.070196,0.066791,0.049177
4.7471,1.2211,0.39168,0.61223,1.4202,0.50999,0.55061,0.97861,1.1046,1.5238,51.214,1.5012,1.9913,2.3978,3.2042,6.5129,12.01,11.744,12.331,3.336,2.2123,1.8715,1.199,0.95823,0.44088,0.28255,0.21191,0.095185,0.11624,0.072704,0.070365,0.063836,0.050715
3.3736,2.017,0.64806,1.066,1.0614,0.88936,1.0176,0.45104,1.1134,1.6362,34.407,1.6647,1.7565,2.4717,4.5565,6.2915,11.094,10.286,12.574,3.6007,2.2757,1.5852,1.2488,0.96994,0.40378,0.2431,0.15648,0.09083,0.093682,0.057575,0.073671,0.051025,0.046551
3.1679,1.6424,0.95062,0.98246,0.87566,1.212,0.66346,0.61026,1.323,1.7598,22.696,1.9669,2.1112,2.3878,4.0061,6.3798,13.325,10.461,13.151,2.8833,2.0207,1.5818,1.2377,0.91046,0.37301,0.31236,0.19501,0.12912,0.092714,0.063332,0.061426,0.068092,0.041175
3.1414,1.4197,0.48664,1.131,1.1801,0.75502,1.0916,0.6572,0.70355,1.5338,16.122,1.8193,2.4238,2.2236,3.8695,6.5859,12.786,10.159,12.035,2.7761,1.9174,1.6664,1.2704,0.74003,0.31724,0.21733,0.17623,0.064159,0.092757,0.069957,0.045011,0.041857,0.070291
5.6412,1.1903,1.4206,0.82888,1.2571,0.81541,0.60636,0.48023,0.68285,1.6716,12.681,1.7609,2.1897,2.6628,3.968,6.4941,13.461,9.8292,13.11,2.2329,2.1133,1.6151,0.97971,0.7149,0.31032,0.21785,0.21135,0.13208,0.061325,0.061167,0.052964,0.045458,0.061529
4.3735,2.1445,0.93206,0.56602,0.79634,1.0044,0.65694,0.62354,0.87393,1.3684,10.83,1.8378,2.4491,2.4963,4.5056,6.3138,13.824,9.8739,13.795,2.5583,1.9906,1.4888,1.0135,0.74972,0.32626,0.26784,0.15811,0.13231,0.084547,0.070657,0.041659,0.052436,0.05839
3.3998,1.1912,0.3617,1.4191,1.8208,1.3279,0.6963,1.1922,1.2106,1.5173,11.371,2.2051,1.8398,3.06,4.1698,7.9341,13.781,10.101,14.099,2.6154,1.8982,1.4223,1.1138,0.79642,0.34156,0.2408,0.15831,0.092328,0.076912,0.061374,0.059375,0.048318,0.055724
4.3411,0.82885,0.73603,1.0492,1.0685,1.3214,0.54317,0.43477,0.9238,1.4991,11.794,1.924,1.8879,2.175,4.1859,6.8464,13.445,9.3564,12.331,2.6589,1.8995,1.4301,1.002,0.74104,0.31796,0.16605,0.18731,0.096382,0.07808,0.063406,0.072208,0.051636,0.045458
5.482,2.0073,1.1919,0.77142,1.5288,0.54035,0.63709,0.98716,1.7323,1.5801,11.282,1.4541,1.7371,2.5748,3.6797,7.0804,13.226,9.6227,12.745,2.2144,1.6572,1.4881,1.0843,0.77955,0.37897,0.26026,0.12573,0.093341,0.10095,0.061469,0.057458,0.05702,0.054808
6.2721,1.6892,0.30908,0.6523,1.0513,0.62226,0.61803,0.61544,1.0965,1.5718,12.145,1.8337,1.5763,2.2931,4.5785,7.3874,12.732,9.7603,11.483,2.0942,1.7993,1.339,0.88903,0.6429,0.35242,0.27373,0.11606,0.095037,0.078583,0.049835,0.054166,0.032886,0.04465
2.7154,1.5948,1.3848,1.1121,1.4966,1.1254,0.61612,0.83727,0.37428,1.438,9.7194,1.7915,1.801,2.098,4.3318,7.257,12.18,9.6365,10.453,2.2055,1.8131,1.3189,0.89441,0.74364,0.30525,0.20231,0.15234,0.11785,0.10264,0.041167,0.028611,0.043149,0.064809
4.0364,2.0261,1.0833,0.94704,1.4971,0.9317,0.50436,0.71823,0.72741,1.417,8.6173,1.7496,1.6511,2.3462,3.2714,7.9928,9.9094,9.9532,8.5821,1.9097,1.9272,1.3312,0.86657,0.64982,0.31842,0.13164,0.15556,0.08395,0.10597,0.046102,0.04252,0.061594,0.02552
4.5299,2.4483,1.619,1.7347,0.8145,0.63463,1.32,0.49489,0.98098,1.2532,6.5741,1.6087,1.8753,2.3095,4.5304,8.3196,9.9361,9.5834,8.6574,2.019,1.6955,1.3054,0.73049,0.61166,0.30096,0.17565,0.16264,0.1117,0.052246,0.070613,0.039056,0.045062,0.046314
4.8633,3.2223,1.2674,1.2881,0.67519,1.0411,0.85968,0.96297,0.87005,1.6639,5.2542,1.9158,2.3563,1.8585,4.1449,8.1539,11.012,8.7792,7.0544,1.9008,1.5759,1.3376,0.82477,0.57754,0.26816,0.19418,0.14567,0.09838,0.063582,0.043602,0.047136,0.042593,0.041913
3.8754,2.303,4.5299,1.5181,1.9282,1.2633,0.61692,1.018,0.54911,2.0956,4.1983,4.1961,1.9479,2.5373,4.3752,8.9913,9.9926,9.8508,6.8811,2.0539,1.778,1.4902,0.78666,0.54127,0.24717,0.20006,0.10288,0.1243,0.046383,0.062225,0.051637,0.058651,0.054771
5.3032,3.027,247.15,0.99492,1.5832,0.74493,0.75422,1.6545,0.83885,1.6196,4.5378,48.748,2.0973,2.461,4.2122,9.242,9.3558,8.8003,6.2562,1.9317,1.6255,1.2354,0.73994,0.51811,0.26092,0.22611,0.088954,0.057098,0.061419,0.046361,0.06133,0.028004,0.050065
4.9589,2.0935,413.42,0.8149,1.5625,1.1283,0.56808,1.0505,1.0306,1.4894,4.1681,89.535,2.3174,2.304,4.8199,9.6281,8.5305,9.4825,5.571,1.4606,1.4855,1.0092,0.64069,0.53683,0.2674,0.12672,0.14056,0.071212,0.070692,0.03434,0.054196,0.047954,0.034556
4.6425,4.0258,468.06,0.58064,1.0069,1.0168,0.38963,1.2193,1.0709,1.5181,4.739,98.181,1.8385,2.3219,4.535,9.042,9.2985,9.0576,4.7208,1.733,1.4891,1.1897,0.65695,0.47641,0.2312,0.17994,0.10492,0.068521,0.07364,0.060979,0.039438,0.059985,0.036044
2.3377,2.5208,885.44,1.7466,1.614,1.0864,0.70541,1.441,0.889,1.7773,4.9381,202.99,2.036,2.1979,4.8789,9.6825,8.8371,9.5961,4.2899,1.7437,1.3945,0.95519,0.58996,0.41695,0.23758,0.17193,0.087533,0.10482,0.067673,0.076807,0.057581,0.04211,0.035248
2.7137,3.6286,2563.2,1.3583,0.71653,0.89189,0.92576,0.99541,0.75056,1.6207,4.8335,509.25,2.0114,3.1247,4.4396,10.62,8.7506,9.0977,4.2395,1.8365,1.4946,1.0102,0.66576,0.33425,0.31768,0.15187,0.076952,0.084443,0.057278,0.086919,0.059839,0.037197,0.032272
2.7674,6.3133,916.44,1.6326,1.3119,0.79362,1.0391,0.54836,1.2046,1.7349,6.946,198.28,1.8934,2.5973,4.2803,10.543,8.1719,9.194,3.4838,1.8873,1.3401,1.0158,0.5205,0.41046,0.18783,0.11983,0.05216,0.11397,0.075845,0.047752,0.049981,0.035918,0.040632
2.7773,4.447,887.53,0.64676,1.3631,0.76722,1.2549,0.88355,1.2248,1.7653,9.6631,174.61,1.7921,2.4981,4.5549,10.905,7.3781,9.3685,3.1215,1.8568,1.4403,1.0098,0.55927,0.27718,0.24609,0.20145,0.083415,0.092135,0.061175,0.057848,0.040728,0.029525,0.026789
4.4828,5.1163,185.43,1.0189,1.1267,1.1594,0.88402,1.0124,1.2831,1.7301,10.606,42.452,1.9153,2.2299,4.0555,12.088,8.3588,8.8295,3.0884,1.4213,1.2084,0.9134,0.74026,0.40775,0.2396,0.16124,0.12891,0.074926,0.089802,0.063557,0.07289,0.032259,0.035335
5.5612,3.97,58.909,0.96885,0.64084,0.96095,0.98457,0.98984,1.2729,1.6322,11.21,16.484,1.877,2.551,4.1786,12.096,8.278,10.153,2.5609,1.6127,1.3743,1.0025,0.66098,0.35469,0.23916,0.12779,0.13182,0.07414,0.054088,0.052462,0.040489,0.021273,0.030905
5.0937,2.7486,57.228,1.0908,1.7543,1.8132,1.1076,1.1697,1.5677,1.7719,8.9469,11.276,1.6949,2.6528,4.2558,12.021,7.9665,9.6822,2.4726,1.6454,1.4502,0.85503,0.51342,0.24239,0.21646,0.12846,0.11351,0.083447,0.040571,0.072006,0.035807,0.039989,0.026766
4.8597,5.2635,43.688,1.3917,2.2869,1.0995,1.1493,0.39291,0.72076,1.4528,8.6427,9.4182,1.7398,2.6629,4.845,13.884,7.5046,9.5459,2.2035,1.2436,1.3934,0.91332,0.53307,0.38439,0.20216,0.078095,0.078363,0.064677,0.0542,0.054653,0.02203,0.051353,0.021137
5.2423,2.355,39.059,1.7586,1.7689,1.015,1.3722,1.3007,1.1444,1.9848,7.1102,9.0356,1.8257,2.2889,4.5589,12.262,7.9471,9.8848,2.2532,1.5207,1.2542,0.96107,0.45116,0.45204,0.20637,0.11396,0.053479,0.06081,0.061168,0.040237,0.051768,0.045722,0.047937
3.4756,3.8531,37.923,1.5757,1.3803,2.0032,1.1986,1.2036,0.55836,1.7337,6.8787,7.8509,1.6268,2.1275,5.6033,10.922,8.0506,10.534,2.2784,1.5533,1.3431,0.78326,0.53284,0.43198,0.19031,0.15679,0.12471,0.057513,0.029276,0.048933,0.052914,0.069708,0.031589
5.0449,3.6503,32.875,1.347,5.0898,1.0886,0.92823,1.6186,0.99644,1.9407,6.3838,8.0112,1.6702,2.7966,4.9362,11.917,8.1921,10.997,2.0006,1.3655,1.2118,0.68546,0.42242,0.35286,0.18544,0.15772,0.09612,0.06113,0.03667,0.057031,0.058853,0.048203,0.03685
6.0072,3.7755,26.624,1.1131,1.5524,1.9669,1.7813,0.64951,1.5048,1.5781,7.4661,7.0942,1.3486,2.3494,4.1699,9.6445,8.2056,10.988,1.8297,1.2786,1.1629,0.90888,0.38594,0.34042,0.21673,0.13666,0.10949,0.042856,0.074986,0.067785,0.059854,0.027515,0.02686
6.6172,4.5832,22.327,1.991,3.9342,1.7203,0.90901,1.4965,1.6283,2.1349,8.1202,5.9728,2.2425,2.3213,4.4035,10.237,7.7926,11.651,2.1632,1.2462,1.0837,0.81267,0.39614,0.30626,0.17343,0.12336,0.099037,0.10575,0.075641,0.07659,0.057511,0.047035,0.042266
3.412,3.5455,21.052,3.2168,2.5656,1.5651,0.72643,1.268,1.8402,1.7613,7.6565,6.7245,1.7792,2.5351,4.0022,9.9508,7.9993,12.968,1.7082,1.31,1.0803,0.81153,0.4267,0.25604,0.19689,0.10424,0.083346,0.080667,0.053794,0.048215,0.035756,0.031014,0.032302
7.4414,2.5954,23.371,2.4953,3.6509,1.494,0.81105,0.66996,1.2358,1.419,7.8545,6.6132,2.3125,1.7923,4.6282,9.6517,7.8325,11.817,1.8925,1.2798,1.3386,0.61488,0.30349,0.24066,0.11118,0.078095,0.045221,0.064788,0.08361,0.065945,0.038038,0.041792,0.029969
11.015,2.8569,22.7,2.1901,3.5088,0.76064,1.2138,2.1505,1.3474,1.9213,8.363,6.454,1.7986,3.0166,4.6951,9.4847,8.2098,12.319,1.6842,1.3235,1.1844,0.61875,0.36139,0.35407,0.16885,0.16155,0.077773,0.092389,0.063283,0.079365,0.042453,0.038752,0.021383
14.369,2.9691,22.397,2.2084,2.5173,1.4069,2.7868,1.3942,1.114,1.7284,7.3573,6.465,1.8516,1.8789,5.635,8.34,8.0798,11.545,1.384,1.2979,1.1075,0.72701,0.34042,0.35313,0.15594,0.12497,0.09112,0.063922,0.070697,0.050553,0.034999,0.020373,0.020612
18.177,2.3258,19.46,4.2496,3.0475,1.3704,1.5379,0.98657,1.1316,1.1793,6.7794,5.4356,1.8333,1.8196,6.0534,8.0326,7.4015,11.499,1.4881,1.3259,0.93139,0.68399,0.36477,0.27137,0.17173,0.089903,0.072673,0.070588,0.062179,0.029975,0.062719,0.045462,0.037695
19.434,2.5724,21.313,4.5845,2.4084,1.588,1.3641,0.82255,1.9587,1.8845,6.1883,6.4363,1.5983,2.415,4.7225,8.1544,7.3307,11.582,1.6416,1.1799,0.9363,0.61726,0.32049,0.22754,0.13786,0.12093,0.087467,0.061994,0.036329,0.072248,0.035255,0.057868,0.024577
7.3787,2.4274,14.866,4.7384,2.1907,1.9018,1.1328,1.0213,1.7583,1.7173,5.3704,5.4722,11.939,2.4352,5.3519,8.3779,6.387,10.709,1.5025,1.3062,1.0117,0.61331,0.34544,0.23864,0.10195,0.17373,0.093518,0.076314,0.080248,0.04119,0.044173,0.027066,0.032545
1.889,2.9927,15.457,4.4024,3.0349,1.7437,1.894,1.2783,1.6518,2.3606,3.7293,4.6966,99.948,2.0304,5.9882,7.5773,7.4997,9.4625,1.6786,1.0802,0.8001,0.60827,0.28413,0.2423,0.15744,0.10765,0.085946,0.062542,0.068135,0.045737,0.037797,0.032469,0.025232
0.33771,4.2467,13.309,4.2291,3.7462,1.916,1.929,2.3379,1.0456,1.9111,3.6781,4.9102,136.06,2.0675,4.6674,6.8204,7.5706,9.423,1.3709,1.1822,0.78219,0.56796,0.38898,0.21501,0.15493,0.075825,0.077063,0.075722,0.051119,0.042794,0.044298,0.036422,0.027781
0,5.517,12.965,2.9365,2.7246,1.8012,1.2636,1.4779,1.0408,1.5019,3.8458,5.5333,546.56,2.3569,6.339,7.7504,7.3241,8.5769,1.6642,1.2404,0.7552,0.57806,0.25055,0.26287,0.12343,0.081571,0.089366,0.044896,0.054292,0.050116,0.036638,0.042893,0.040307
0,4.7414,11.476,2.1756,2.6663,3.4269,2.2555,1.1609,1.8156,1.785,4.1269,4.4845,337.98,2.2802,6.3461,7.6555,7.2234,6.7623,1.8758,1.2131,0.79021,0.43896,0.28067,0.24693,0.13864,0.06999,0.05988,0.07657,0.063495,0.032058,0.03581,0.029809,0.01554
0,4.0007,11.99,1.9571,1.7597,2.497,1.6058,2.4231,1.152,1.6464,4.0677,4.1894,214.87,2.5846,6.1121,6.9594,7.9968,7.8,1.592,1.1488,0.80113,0.46782,0.3458,0.17615,0.14384,0.13077,0.1008,0.073547,0.080311,0.047062,0.034486,0.017587,0.014771
0,4.5475,12.447,1.5522,2.6923,4.0836,2.2066,1.5456,1.6994,1.509,4.4384,3.6645,29.942,2.2223,6.4942,7.4695,8.6185,6.3341,1.4602,1.1254,0.75656,0.44649,0.29639,0.26454,0.13876,0.10613,0.066748,0.065287,0.088281,0.06313,0.038919,0.035266,0.037322
0,10.6,11.86,2.2178,2.7259,3.3155,1.9586,1.5299,1.3536,1.7493,3.8384,5.361,16.706,2.1265,7.035,7.1786,8.3395,5.8609,1.3921,1.2717,0.73584,0.4917,0.34819,0.17166,0.083067,0.10685,0.093656,0.077667,0.054556,0.069638,0.044153,0.041791,0.0216
0,17.052,7.0745,2.0967,2.0909,4.189,2.8665,1.6788,1.4538,1.394,3.248,5.5241,13.27,2.5128,7.4314,6.4627,8.5419,5.2724,1.6317,0.91612,0.74465,0.33454,0.23626,0.22683,0.2007,0.073863,0.098159,0.084918,0.057673,0.053337,0.04869,0.025804,0.037367
0,16.231,8.6624,2.5892,3.5859,2.9794,3.1678,1.9784,1.2569,1.4904,3.2613,5.1032,11.975,2.168,8.5927,7.0465,8.2382,4.7161,1.3578,1.0635,0.83563,0.40612,0.35139,0.24356,0.15845,0.12043,0.068611,0.076268,0.058076,0.070478,0.043159,0.028405,0.022523
0,9.7493,5.4415,2.6167,5.0503,3.035,2.4651,1.7354,1.6394,2.2159,3.2038,5.5824,12.11,2.4902,8.4145,7.3417,9.8528,4.2604,1.4103,0.92154,0.71133,0.35181,0.26625,0.22481,0.14048,0.096657,0.10715,0.05033,0.068505,0.083829,0.054584,0.041044,0.03876
0,2.1956,9.1043,2.5223,8.7485,1.5159,5.7551,2.1629,1.4507,1.0599,2.4358,4.4978,9.7879,3.1117,9.6816,6.6508,10.511,3.9928,1.2687,1.0323,0.75388,0.37681,0.29876,0.18757,0.13022,0.07614,0.11087,0.082885,0.076675,0.062912,0.046337,0.035574,0.03246
0,0.22663,8.0395,1.9228,11.441,1.5644,5.3956,2.4644,2.1278,1.5773,2.6385,4.3153,9.2158,2.8429,9.4515,6.1252,9.4974,3.4203,1.3407,1.0375,0.65719,0.40576,0.27305,0.15911,0.13606,0.062353,0.066524,0.054879,0.077271,0.079706,0.036839,0.029949,0.016197
0,0,7.6964,5.5402,4.6691,2.746,3.9746,2.3928,2.4323,1.8493,2.3156,4.1994,7.6713,2.3549,9.9544,7.1552,9.4154,3.6179,1.1841,1.1103,0.79388,0.31795,0.2313,0.26589,0.081244,0.099073,0.09556,0.067884,0.06177,0.042729,0.049383,0.041195,0.042276
0,0,11.695,267.83,0.40992,1.8856,4.3272,2.0902,2.5991,2.0272,4.1882,4.6142,8.0693,70.198,9.3266,6.6182,9.4379,2.9438,1.4832,1.0102,0.72049,0.42809,0.18962,0.21243,0.12637,0.07289,0.08944,0.077954,0.077355,0.052454,0.037394,0.022096,0.028928
0,0,18.012,758.2,0,1.0978,2.6489,3.3797,2.8719,1.8021,4.9681,4.6928,7.7223,198.59,9.358,6.5116,9.8712,2.2038,1.0681,0.88301,0.78235,0.30666,0.21876,0.22784,0.12239,0.06293,0.028579,0.086909,0.091243,0.073852,0.038491,0.038271,0.042855
0,0,13.686,3119.3,0,2.1521,2.2113,1.9664,2.0194,2.3931,3.9401,4.8416,6.2947,765.66,9.7486,7.8329,9.8081,2.8362,1.1116,0.94327,0.62506,0.33341,0.33255,0.14852,0.13865,0.092039,0.096713,0.067861,0.081893,0.040173,0.042954,0.029079,0.027435
0,0,3.4632,1597.6,0,2.2702,1.4604,1.5513,2.5469,1.7858,4.5783,4.7131,5.8067,399.7,8.6387,6.2808,9.8127,2.5102,1.2801,0.80023,0.62302,0.31467,0.28922,0.24074,0.13764,0.108,0.081545,0.049593,0.096968,0.058252,0.038005,0.049043,0.0086233
0,0,1.0163,324.54,0,3.1394,2.2687,2.0295,2.8368,1.9927,4.9914,4.1656,6.2104,79.838,9.209,5.9642,9.657,2.1708,0.9974,0.93463,0.55733,0.4188,0.28264,0.13892,0.12345,0.080664,0.13588,0.058408,0.12471,0.037774,0.033507,0.041925,0.035243
0,0,0,88.445,0,2.4203,4.5316,2.5684,2.619,2.9296,5.8361,4.0031,7.1235,23.433,8.5736,6.5416,9.552,1.6314,0.91439,0.90924,0.51691,0.36139,0.18456,0.19932,0.13297,0.069615,0.065836,0.11096,0.084801,0.038908,0.048612,0.030208,0.036792
0,0,0,76.278,0,3.6131,0.90677,2.7416,2.965,2.3619,6.8717,3.7509,6.1175,17.239,7.9706,6.824,9.1977,1.9405,0.81506,0.79312,0.54686,0.30084,0.29381,0.20488,0.16987,0.11705,0.10112,0.087207,0.074385,0.05344,0.044965,0.040683,0.020526
0,0,0,54.608,0,3.1893,3.1817,2.167,2.5409,2.2488,4.9158,3.6098,6.474,16.508,7.7461,6.9594,8.7593,2.0608,1.1341,1.141,0.45363,0.28035,0.2568,0.21556,0.12641,0.15306,0.079929,0.099256,0.077253,0.06669,0.074085,0.017119,0.028736
0,0,0,22.939,0,3.1002,2.7926,2.5723,1.6995,2.25,3.439,3.4769,5.5266,11.841,8.15,6.552,8.2446,1.8972,1.2239,0.71124,0.51266,0.3103,0.32445,0.21056,0.14965,0.11225,0.14685,0.095498,0.068996,0.059385,0.11611,0.035794,0.036657
0,0,0,1.7985,0,4.0505,3.0962,3.0458,3.1939,3.0862,2.5475,3.9084,6.2442,13.048,6.5908,6.7629,7.9593,1.8049,1.1041,1.123,0.60606,0.37982,0.32105,0.21171,0.12051,0.15272,0.15386,0.10639,0.10858,0.077147,0.053521,0.04701,0.040026
0,0,0,0,0,4.2677,2.652,3.0637,3.7887,3.2321,13.638,3.1261,5.5386,11.083,7.1709,6.0297,6.9891,1.9809,1.0272,0.85543,0.66238,0.29469,0.33426,0.28803,0.16138,0.12837,0.10255,0.073458,0.024874,0.070121,0.040857,0.039968,0.046082
0,0,0,0,0,4.67,2.5317,3.7066,3.5699,2.751,45.295,3.1968,6.5858,9.5675,6.9167,6.4108,6.5651,2.4438,1.4193,0.83444,0.4063,0.34228,0.29298,0.28317,0.15465,0.12302,0.075345,0.17094,0.11535,0.076847,0.048892,0.041331,0.038409
0,0,0,0,0,9.246,2.3855,2.9807,3.212,3.7521,74.752,3.2183,4.4307,9.059,6.2859,6.7746,6.4766,1.7011,0.92628,0.79423,0.45746,0.34277,0.24159,0.15922,0.10946,0.14353,0.16069,0.092983,0.10062,0.08254,0.067736,0.046105,0.019975
0,0,0,0,0,9.3288,3.4153,3.9653,2.4292,4.6041,85.061,3.6244,4.1234,8.34,7.0731,7.7007,6.1202,1.9166,0.99484,0.92696,0.46971,0.28193,0.34589,0.18705,0.12777,0.10026,0.12848,0.065643,0.11326,0.06986,0.069051,0.039044,0.040566
0,0,0,0,0,3.4011,7.2506,4.8121,3.4436,4.0531,89.041,3.5972,4.216,10.17,6.2446,7.1111,6.2414,1.8672,0.76722,0.69053,0.48625,0.42473,0.24796,0.13281,0.13987,0.15697,0.093146,0.1376,0.15683,0.057795,0.053406,0.063084,0.056506
0,0,0,0,0,0.51867,12.298,4.3339,4.6708,4.6207,99.267,2.3686,5.7371,8.2305,6.4762,7.5184,5.2053,1.8788,1.2272,0.85836,0.43199,0.3685,0.34436,0.236,0.11989,0.26851,0.13619,0.11774,0.056062,0.036706,0.058919,0.043786,0.040249
0,0,0,0,0,0,2.4935,4.3655,4.1894,3.6379,386.58,2.3971,5.0904,8.3628,6.7196,7.4684,4.7727,1.7739,0.93239,0.78268,0.44151,0.31813,0.26947,0.24465,0.26403,0.098715,0.12187,0.11295,0.12639,0.065147,0.053727,0.057823,0.040455
0,0,0,0,0,0,0.99477,8.067,4.0278,5.584,443.44,3.0796,4.7076,8.017,195.69,7.4936,4.7627,1.9262,1.3415,0.75377,0.60768,0.4004,0.2543,0.23472,0.25847,0.12255,0.10717,0.16638,0.071516,0.12169,0.077472,0.045252,0.061599
0,0,0,0,0,0,0,1.2827,10.521,5.348,185.11,4.0786,5.1069,7.5461,1206.7,8.3323,4.2519,1.7886,1.0705,1.048,0.58125,0.22464,0.28711,0.21939,0.24158,0.12387,0.11251,0.09594,0.13674,0.066804,0.056488,0.070595,0.050086
0,0,0,0,0,0,0,0,4.0078,4.9641,167.42,4.1068,4.8249,7.2582,520.04,8.4525,3.4637,1.527,1.0347,0.63591,0.4291,0.28664,0.21729,0.22897,0.27355,0.082564,0.12152,0.14234,0.066113,0.045006,0.092822,0.064988,0.079972
0,0,0,0,0,0,0,0,0.33771,5.7622,161.02,2.7491,4.171,7.1314,48.026,8.7008,3.9418,2.304,1.1498,0.70273,0.56571,0.42961,0.42066,0.23645,0.24932,0.2176,0.11844,0.098382,0.092411,0.1303,0.082816,0.078814,0.060158
0,0,0,0,0,0,0,0,0,6.4326,53.069,4.9895,5.5761,8.2497,35.7,8.3124,4.6196,1.5973,1.1274,0.72067,0.47695,0.36493,0.4117,0.23619,0.19808,0.19474,0.11553,0.093706,0.070381,0.11819,0.10335,0.10195,0.058675
0,0,0,0,0,0,0,0,0,1.9498,18.7,5.7599,4.1709,6.037,25.954,8.981,3.5862,2.0266,1.2004,0.8378,0.51548,0.45876,0.35945,0.30572,0.32501,0.17934,0.20112,0.12401,0.11237,0.070444,0.13066,0.066709,0.10891
0,0,0,0,0,0,0,0,0,0,13.207,5.7035,4.6722,6.7336,21.751,8.9008,3.1726,1.5033,1.0185,1.019,0.44612,0.33294,0.36205,0.31837,0.2488,0.18869,0.11085,0.16318,0.12045,0.10766,0.12916,0.065217,0.080793
0,0,0,0,0,0,0,0,0,0,10.711,6.2221,5.2933,5.9021,20.382,8.3819,3.1345,1.555,1.204,0.83811,0.46215,0.48848,0.26945,0.31038,0.23737,0.27167,0.20262,0.16242,0.17323,0.13285,0.10621,0.087886,0.13358
0,0,0,0,0,0,0,0,0,0,11.503,6.7912,5.4564,7.2091,19.066,666.37,3.1008,1.8998,1.4486,0.98048,0.59796,0.54852,0.41498,0.34519,0.22634,0.22067,0.19587,0.16019,0.16465,0.13253,0.11214,0.15038,0.17629
0,0,0,0,0,0,0,0,0,0,9.4353,0.84907,5.0289,6.3223,15.872,898.03,3.1465,1.9365,1.4192,0.91752,0.50708,0.52974,0.48262,0.53098,0.32311,0.32508,0.24082,0.23958,0.11484,0.13162,0.12218,0.10588,0.13593
0,0,0,0,0,0,0,0,0,0,9.683,0,1.8865,8.137,14.837,51.617,3.2577,1.5892,1.5111,1.0315,0.75831,0.68246,0.57227,0.42599,0.37373,0.31361,0.31186,0.17211,0.16522,0.2271,0.1522,0.15226,0.12818
0,0,0,0,0,0,0,0,0,0,7.0859,0,0,3.0461,19.558,36.741,2.3248,2.3981,2.4226,1.5255,0.83542,0.89638,0.69224,0.55774,0.4505,0.49311,0.27444,0.33819,0.22381,0.20051,0.25142,0.16767,0.18992
0,0,0,0,0,0,0,0,0,0,7.3513,0,0,0,13.72,28.446,1091.4,2.8518,3.0742,1.5761,0.90187,1.045,0.7094,0.51077,0.35535,0.36147,0.40522,0.37293,0.2715,0.18698,0.20311,0.17445,0.17044
