3.636363636363623697e-02
6.402486402486420869e-02
9.759129759129724080e-02
1.225071225071220626e-01
1.581973581973585008e-01
1.921781921781923752e-01
2.328930328930323423e-01
2.032634032634030863e-01
2.325822325822317627e-01
2.983682983682990342e-01
3.691271691271695854e-01
4.400932400932391353e-01
4.251748251748236895e-01
4.900284900284897494e-01
6.656306656306666403e-01
8.531468531468536787e-01
9.210049210049212620e-01
1.108521108521105969e+00
1.318311318311318425e+00
1.554001554001555707e+00
1.896399896399896701e+00
2.084434084434076961e+00
2.265734265734267616e+00
2.476042476042481510e+00
2.890442890442894264e+00
3.364931364931367241e+00
3.911939911939898096e+00
4.578088578088584271e+00
5.024605024605035553e+00
6.107226107226113143e+00
6.772856772856767904e+00
7.663817663817655834e+00
8.888888888888885731e+00
