3.118363118363107200e-02
5.796425796425817845e-02
8.142968142968114165e-02
1.092981092981089031e-01
1.429681429681432803e-01
1.740481740481742978e-01
2.171458171458164055e-01
1.860139860139859436e-01
2.180782180782173119e-01
2.685314685314693639e-01
3.379435379435384856e-01
4.160580160580149567e-01
3.916083916083907823e-01
4.651644651644638029e-01
6.319606319606330125e-01
8.142968142968149969e-01
8.629888629888634588e-01
1.042217042217038703e+00
1.256151256151256668e+00
1.414141414141416142e+00
1.773115773115773841e+00
1.935249935249928388e+00
2.121212121212124657e+00
2.336182336182340613e+00
2.648018648018652499e+00
3.089355089355092510e+00
3.580419580419567538e+00
4.149184149184157455e+00
4.755244755244762977e+00
5.582750582750586332e+00
6.500906500906499019e+00
6.880341880341873662e+00
7.070707070707063835e+00
