2.414421274400723405e+01
1.101832926457015693e+00
9.656037086820681292e-01
9.984712535071421646e-01
1.024431826815247915e+00
9.799233058578600275e-01
9.333545022602138808e-01
9.492756413173459862e-01
9.771934850973027498e-01
9.361868449834392925e-01
9.053466749423005888e-01
8.820518553175501486e-01
8.636730273927064605e-01
8.564883114781121076e-01
8.266753133483096816e-01
8.160181525287308890e-01
8.074381636739355050e-01
7.985511860864912270e-01
7.796759897494350833e-01
7.579113109260943171e-01
7.500706747704116717e-01
7.256939488318223663e-01
7.439694257280914380e-01
7.128571250163422413e-01
7.366778298212863785e-01
7.514413289386963068e-01
6.912283525881598445e-01
7.252119017693124947e-01
7.147089923473686213e-01
6.830969398676940418e-01
6.965625280263637586e-01
5.678079017527919437e-01
6.255482787203759942e-01
