2.478716425685487390e-01
1.869513953761627600e-01
1.390402213086841254e-01
1.258879648865909029e-01
1.158429664748317628e-01
1.096401289114722066e-01
1.090312683480001155e-01
1.064406432323420498e-01
1.021066025273888178e-01
9.875133694568884180e-02
9.756628922130830550e-02
9.580825109058388467e-02
9.502322660628120810e-02
9.337593332792255840e-02
8.679207615800665909e-02
8.527224440332857591e-02
8.631024101839213092e-02
8.512197675785648787e-02
8.370587676693880264e-02
8.613520805647356671e-02
8.894256542349195105e-02
8.684194038492848433e-02
8.443931920726452378e-02
8.404088194451474203e-02
8.411602476321974886e-02
8.667885745132415665e-02
8.759009543089893435e-02
9.056509246380052558e-02
8.983788590529141749e-02
9.385616252793840819e-02
9.490820699130077254e-02
9.494005512223459287e-02
9.759539406648065629e-02
