3004.8,0.165,0.10933
2390.2,0.185,0.12126
1946.6,0.205,0.13289
1615.9,0.225,0.14426
1362.8,0.245,0.15538
1164.9,0.265,0.16626
1007.1,0.285,0.1769
879.38,0.305,0.18729
774.48,0.325,0.19746
687.29,0.345,0.2074
614.03,0.365,0.21711
551.9,0.385,0.22659
498.73,0.405,0.23587
452.9,0.425,0.24494
413.1,0.445,0.2538
378.33,0.465,0.26248
347.77,0.485,0.27096
320.77,0.505,0.27926
296.8,0.525,0.28738
275.41,0.545,0.29532
256.26,0.565,0.30308
239.04,0.585,0.31067
223.49,0.605,0.31809
209.42,0.625,0.32535
196.63,0.645,0.33246
184.98,0.665,0.33941
174.34,0.685,0.34621
164.59,0.705,0.35285
155.63,0.725,0.35934
147.39,0.745,0.36568
139.78,0.765,0.37188
132.75,0.785,0.37795
126.24,0.805,0.38388
120.19,0.825,0.38971
114.57,0.845,0.3954
109.33,0.865,0.40098
104.45,0.885,0.40643
99.881,0.905,0.41177
95.608,0.925,0.41699
91.604,0.945,0.42211
87.846,0.965,0.42711
84.315,0.985,0.43201
80.993,1.005,0.4368
77.863,1.025,0.4415
74.911,1.045,0.44609
72.124,1.065,0.45059
69.489,1.085,0.45499
66.997,1.105,0.4593
64.636,1.125,0.46351
62.398,1.145,0.46764
60.273,1.165,0.47169
58.256,1.185,0.47565
56.338,1.205,0.47952
54.514,1.225,0.48331
52.776,1.245,0.48701
51.121,1.265,0.49064
49.542,1.285,0.49419
48.035,1.305,0.49767
46.596,1.325,0.50108
45.22,1.345,0.50442
43.905,1.365,0.50769
42.646,1.385,0.51089
41.441,1.405,0.51403
40.285,1.425,0.51711
39.178,1.445,0.52012
38.116,1.465,0.52307
37.096,1.485,0.52596
36.116,1.505,0.5288
35.175,1.525,0.53157
34.271,1.545,0.53429
33.4,1.565,0.53696
32.563,1.585,0.53958
31.756,1.605,0.54214
30.979,1.625,0.54465
30.231,1.645,0.54711
29.509,1.665,0.54952
28.812,1.685,0.55189
28.14,1.705,0.55421
27.492,1.725,0.55649
26.865,1.745,0.55872
26.26,1.765,0.5609
25.674,1.785,0.56305
25.109,1.805,0.56515
24.561,1.825,0.5672
24.032,1.845,0.56922
23.519,1.865,0.5712
23.023,1.885,0.57313
22.542,1.905,0.57503
22.076,1.925,0.57689
21.624,1.945,0.57871
21.186,1.965,0.5805
20.761,1.985,0.58226
20.349,2.005,0.58398
19.949,2.025,0.58567
19.561,2.045,0.58733
19.184,2.065,0.58896
18.818,2.085,0.59056
18.462,2.105,0.59212
18.116,2.125,0.59366
17.78,2.145,0.59518
17.453,2.165,0.59666
17.135,2.185,0.59812
16.825,2.205,0.59955
16.524,2.225,0.60095
16.231,2.245,0.60233
15.946,2.265,0.60369
15.668,2.285,0.60502
15.397,2.305,0.60632
15.133,2.325,0.60761
14.876,2.345,0.60887
14.626,2.365,0.6101
14.381,2.385,0.61132
14.143,2.405,0.61252
13.911,2.425,0.61369
13.684,2.445,0.61484
13.463,2.465,0.61596
13.247,2.485,0.61707
13.037,2.505,0.61816
12.831,2.525,0.61923
12.63,2.545,0.62028
12.434,2.565,0.62131
12.242,2.585,0.62233
12.055,2.605,0.62333
11.872,2.625,0.62431
11.693,2.645,0.62527
11.518,2.665,0.62622
11.347,2.685,0.62716
11.18,2.705,0.62807
11.017,2.725,0.62898
10.857,2.745,0.62986
10.7,2.765,0.63074
10.547,2.785,0.6316
10.397,2.805,0.63244
10.25,2.825,0.63327
10.107,2.845,0.63408
9.9662,2.865,0.63488
9.8285,2.885,0.63567
9.6936,2.905,0.63645
9.5615,2.925,0.63721
9.4321,2.945,0.63797
9.3053,2.965,0.63871
9.181,2.985,0.63944
9.0592,3.005,0.64015
8.9398,3.025,0.64086
8.8227,3.045,0.64156
8.708,3.065,0.64224
8.5954,3.085,0.64292
8.4851,3.105,0.64358
8.3768,3.125,0.64424
8.2706,3.145,0.64488
8.1664,3.165,0.64552
8.0642,3.185,0.64614
7.9638,3.205,0.64675
7.8654,3.225,0.64735
7.7687,3.245,0.64794
7.6738,3.265,0.64853
7.5807,3.285,0.6491
7.4892,3.305,0.64967
7.3994,3.325,0.65023
7.3112,3.345,0.65078
7.2245,3.365,0.65133
7.1394,3.385,0.65186
7.0558,3.405,0.65239
6.9736,3.425,0.65291
6.8929,3.445,0.65342
6.8135,3.465,0.65393
6.7355,3.485,0.65443
6.6589,3.505,0.65492
6.5835,3.525,0.65541
6.5095,3.545,0.65589
6.4366,3.565,0.65636
6.365,3.585,0.65683
6.2946,3.605,0.65729
6.2253,3.625,0.65774
6.1572,3.645,0.65819
6.0902,3.665,0.65863
6.0243,3.685,0.65906
5.9594,3.705,0.65949
5.8956,3.725,0.65991
5.8328,3.745,0.66033
5.771,3.765,0.66074
5.7101,3.785,0.66115
5.6503,3.805,0.66155
5.5913,3.825,0.66195
5.5333,3.845,0.66234
5.4762,3.865,0.66273
5.42,3.885,0.66311
5.3646,3.905,0.66349
5.3101,3.925,0.66386
5.2563,3.945,0.66423
5.2035,3.965,0.66459
5.1514,3.985,0.66495
5.1,4.005,0.66531
5.0495,4.025,0.66566
4.9997,4.045,0.66601
4.9506,4.065,0.66635
4.9022,4.085,0.66669
4.8546,4.105,0.66702
4.8076,4.125,0.66735
4.7613,4.145,0.66768
4.7157,4.165,0.668
4.6708,4.185,0.66831
4.6264,4.205,0.66862
4.5827,4.225,0.66893
4.5397,4.245,0.66923
4.4972,4.265,0.66953
4.4553,4.285,0.66982
4.414,4.305,0.67012
4.3733,4.325,0.6704
4.3331,4.345,0.67069
4.2935,4.365,0.67097
4.2544,4.385,0.67125
4.2159,4.405,0.67153
4.1778,4.425,0.6718
4.1403,4.445,0.67208
4.1033,4.465,0.67234
4.0668,4.485,0.67261
4.0308,4.505,0.67287
3.9952,4.525,0.67313
3.9601,4.545,0.67339
3.9255,4.565,0.67365
3.8913,4.585,0.6739
3.8576,4.605,0.67415
3.8243,4.625,0.6744
3.7915,4.645,0.67464
3.759,4.665,0.67488
3.727,4.685,0.67512
3.6954,4.705,0.67536
3.6642,4.725,0.6756
3.6333,4.745,0.67583
3.6029,4.765,0.67606
3.5728,4.785,0.67629
3.5432,4.805,0.67651
3.5139,4.825,0.67674
3.4849,4.845,0.67696
3.4563,4.865,0.67718
3.4281,4.885,0.67739
3.4002,4.905,0.67761
3.3726,4.925,0.67782
3.3454,4.945,0.67803
3.3185,4.965,0.67824
3.2919,4.985,0.67845
